100 8077 8314 8537 8236 7945 8404
1536 8081 8313 8534 8233 7943 8391
1636 8082 8306 8536 8234 7945 8398
1736 8073 8312 8542 8235 7942 8405
1836 8078 8317 8536 8233 7943 8401
1936 8076 8318 8537 8231 7944 8402
2036 8074 8309 8533 8235 7946 8397
2136 8076 8306 8535 8233 7946 8400
2236 8081 8314 8536 8235 7943 8405
2336 8083 8312 8536 8236 7945 8394
2436 8074 8313 8534 8235 7946 8397
2536 8075 8310 8535 8233 7945 8403
2636 8076 8311 8532 8235 7945 8412
2736 8079 8319 8535 8236 7943 8399
2836 8076 8318 8536 8236 7946 8404
2936 8079 8316 8536 8234 7944 8406
3036 8071 8315 8536 8234 7945 8398
3136 8079 8311 8536 8234 7944 8401
3236 8074 8316 8536 8233 7945 8394
3336 8082 8318 8533 8236 7945 8403
3436 8076 8311 8538 8233 7944 8394
3536 8076 8323 8534 8234 7943 8408
3636 8081 8315 8533 8233 7944 8399
3736 8083 8321 8533 8234 7944 8397
3836 8076 8314 8534 8234 7947 8402
3936 8076 8320 8533 8237 7945 8397
4036 8084 8323 8535 8234 7943 8404
4136 8071 8313 8537 8235 7945 8397
4236 8078 8314 8533 8237 7946 8401
4336 8079 8322 8538 8237 7945 8396
4436 8074 8306 8534 8235 7945 8404
4536 8076 8312 8536 8233 7945 8402
4636 8076 8310 8534 8233 7945 8403
4736 8076 8316 8534 8233 7945 8401
4836 8074 8316 8535 8237 7945 8394
4936 8081 8316 8535 8235 7944 8399
5036 8073 8317 8534 8236 7944 8392
5136 8051 8357 8435 8094 7893 8392
5236 7813 8529 8323 7653 7292 8410
5336 8090 8295 8577 8198 7905 8405
5436 8082 8313 8550 8209 7929 8399
5536 8067 8317 8546 8216 7928 8390
5636 8073 8316 8544 8222 7932 8394
5736 8076 8311 8541 8224 7936 8392
5836 8078 8311 8538 8224 7934 8388
5936 8074 8304 8542 8227 7939 8392
6036 8080 8315 8537 8227 7937 8390
6136 8086 8312 8539 8226 7938 8400
6236 8079 8315 8541 8227 7939 8405
6336 8079 8313 8539 8227 7939 8407
6436 8072 8311 8540 8228 7939 8393
6536 8074 8317 8538 8228 7941 8405
6636 8079 8302 8538 8230 7939 8395
6736 8073 8313 8539 8230 7939 8400
6836 8081 8313 8538 8230 7940 8401
6936 8080 8315 8536 8228 7940 8398
7036 8077 8313 8541 8230 7940 8405
7180 8075 8324 8536 8230 7939 8404
7408 8081 8313 8536 8230 7940 8395
7630 8074 8314 8536 8230 7941 8400
7858 8077 8310 8536 8229 7941 8393
8090 8072 8309 8541 8230 7940 8405
8315 8077 8313 8538 8230 7940 8404
8541 8073 8314 8537 8231 7940 8392
8842 8070 8313 8537 8230 7944 8404
9070 8080 8319 8534 8233 7940 8408
9203 8080 8313 8536 8230 7942 8401
9303 8081 8315 8536 8230 7941 8406
9403 8080 8317 8536 8230 7942 8405
