0.000000000000000000e+00 8.173000000000000000e+03 8.247000000000000000e+03 8.562000000000000000e+03 8.285000000000000000e+03 8.068000000000000000e+03 8.356000000000000000e+03
5.000000000000000000e+01 8.176000000000000000e+03 8.251000000000000000e+03 8.564000000000000000e+03 8.282000000000000000e+03 8.097000000000000000e+03 8.348000000000000000e+03
1.000000000000000000e+02 8.172000000000000000e+03 8.252000000000000000e+03 8.562000000000000000e+03 8.291000000000000000e+03 8.101000000000000000e+03 8.349000000000000000e+03
1.500000000000000000e+02 8.176000000000000000e+03 8.239000000000000000e+03 8.562000000000000000e+03 8.293000000000000000e+03 8.100000000000000000e+03 8.361000000000000000e+03
2.000000000000000000e+02 8.182000000000000000e+03 8.250000000000000000e+03 8.545000000000000000e+03 8.316000000000000000e+03 8.089000000000000000e+03 8.319000000000000000e+03
2.500000000000000000e+02 8.186000000000000000e+03 8.246000000000000000e+03 8.547000000000000000e+03 8.311000000000000000e+03 8.092000000000000000e+03 8.328000000000000000e+03
3.000000000000000000e+02 8.180000000000000000e+03 8.239000000000000000e+03 8.549000000000000000e+03 8.309000000000000000e+03 8.089000000000000000e+03 8.325000000000000000e+03
3.500000000000000000e+02 8.183000000000000000e+03 8.251000000000000000e+03 8.546000000000000000e+03 8.314000000000000000e+03 8.087000000000000000e+03 8.312000000000000000e+03
4.000000000000000000e+02 8.177000000000000000e+03 8.241000000000000000e+03 8.550000000000000000e+03 8.311000000000000000e+03 8.091000000000000000e+03 8.325000000000000000e+03
4.500000000000000000e+02 8.181000000000000000e+03 8.248000000000000000e+03 8.545000000000000000e+03 8.312000000000000000e+03 8.087000000000000000e+03 8.317000000000000000e+03
5.000000000000000000e+02 8.180000000000000000e+03 8.248000000000000000e+03 8.550000000000000000e+03 8.310000000000000000e+03 8.090000000000000000e+03 8.321000000000000000e+03
5.500000000000000000e+02 8.177000000000000000e+03 8.250000000000000000e+03 8.550000000000000000e+03 8.309000000000000000e+03 8.089000000000000000e+03 8.319000000000000000e+03
6.000000000000000000e+02 8.178000000000000000e+03 8.248000000000000000e+03 8.546000000000000000e+03 8.310000000000000000e+03 8.086000000000000000e+03 8.328000000000000000e+03
6.500000000000000000e+02 8.180000000000000000e+03 8.251000000000000000e+03 8.548000000000000000e+03 8.317000000000000000e+03 8.087000000000000000e+03 8.331000000000000000e+03
7.000000000000000000e+02 8.172000000000000000e+03 8.239000000000000000e+03 8.547000000000000000e+03 8.309000000000000000e+03 8.076000000000000000e+03 8.331000000000000000e+03
7.500000000000000000e+02 8.177000000000000000e+03 8.252000000000000000e+03 8.543000000000000000e+03 8.301000000000000000e+03 8.069000000000000000e+03 8.334000000000000000e+03
8.000000000000000000e+02 8.172000000000000000e+03 8.252000000000000000e+03 8.543000000000000000e+03 8.301000000000000000e+03 8.063000000000000000e+03 8.322000000000000000e+03
8.500000000000000000e+02 8.165000000000000000e+03 8.247000000000000000e+03 8.543000000000000000e+03 8.291000000000000000e+03 8.059000000000000000e+03 8.325000000000000000e+03
9.000000000000000000e+02 8.162000000000000000e+03 8.254000000000000000e+03 8.537000000000000000e+03 8.291000000000000000e+03 8.037000000000000000e+03 8.330000000000000000e+03
9.500000000000000000e+02 8.161000000000000000e+03 8.242000000000000000e+03 8.538000000000000000e+03 8.270000000000000000e+03 8.038000000000000000e+03 8.340000000000000000e+03
1.000000000000000000e+03 8.171000000000000000e+03 8.255000000000000000e+03 8.543000000000000000e+03 8.268000000000000000e+03 8.025000000000000000e+03 8.348000000000000000e+03
1.050000000000000000e+03 8.151000000000000000e+03 8.253000000000000000e+03 8.530000000000000000e+03 8.248000000000000000e+03 8.020000000000000000e+03 8.339000000000000000e+03
1.100000000000000000e+03 8.159000000000000000e+03 8.250000000000000000e+03 8.538000000000000000e+03 8.251000000000000000e+03 8.013000000000000000e+03 8.338000000000000000e+03
1.150000000000000000e+03 8.165000000000000000e+03 8.256000000000000000e+03 8.539000000000000000e+03 8.252000000000000000e+03 8.011000000000000000e+03 8.325000000000000000e+03
1.200000000000000000e+03 8.156000000000000000e+03 8.257000000000000000e+03 8.541000000000000000e+03 8.231000000000000000e+03 8.057000000000000000e+03 8.327000000000000000e+03
1.250000000000000000e+03 8.164000000000000000e+03 8.269000000000000000e+03 8.544000000000000000e+03 8.220000000000000000e+03 8.047000000000000000e+03 8.334000000000000000e+03
1.300000000000000000e+03 8.157000000000000000e+03 8.271000000000000000e+03 8.547000000000000000e+03 8.205000000000000000e+03 8.049000000000000000e+03 8.334000000000000000e+03
1.350000000000000000e+03 8.152000000000000000e+03 8.257000000000000000e+03 8.544000000000000000e+03 8.206000000000000000e+03 8.045000000000000000e+03 8.360000000000000000e+03
1.400000000000000000e+03 8.177000000000000000e+03 8.266000000000000000e+03 8.537000000000000000e+03 8.199000000000000000e+03 8.074000000000000000e+03 8.314000000000000000e+03
1.450000000000000000e+03 8.171000000000000000e+03 8.256000000000000000e+03 8.554000000000000000e+03 8.208000000000000000e+03 8.061000000000000000e+03 8.292000000000000000e+03
1.500000000000000000e+03 8.161000000000000000e+03 8.279000000000000000e+03 8.537000000000000000e+03 8.170000000000000000e+03 8.083000000000000000e+03 8.327000000000000000e+03
1.550000000000000000e+03 8.159000000000000000e+03 8.263000000000000000e+03 8.538000000000000000e+03 8.180000000000000000e+03 8.062000000000000000e+03 8.355000000000000000e+03
1.600000000000000000e+03 8.176000000000000000e+03 8.269000000000000000e+03 8.553000000000000000e+03 8.181000000000000000e+03 8.097000000000000000e+03 8.329000000000000000e+03
1.650000000000000000e+03 8.174000000000000000e+03 8.259000000000000000e+03 8.565000000000000000e+03 8.184000000000000000e+03 8.113000000000000000e+03 8.338000000000000000e+03
1.700000000000000000e+03 8.190000000000000000e+03 8.255000000000000000e+03 8.567000000000000000e+03 8.195000000000000000e+03 8.127000000000000000e+03 8.352000000000000000e+03
1.750000000000000000e+03 8.171000000000000000e+03 8.265000000000000000e+03 8.562000000000000000e+03 8.201000000000000000e+03 8.081000000000000000e+03 8.332000000000000000e+03
1.800000000000000000e+03 8.175000000000000000e+03 8.251000000000000000e+03 8.576000000000000000e+03 8.235000000000000000e+03 8.098000000000000000e+03 8.327000000000000000e+03
1.850000000000000000e+03 8.195000000000000000e+03 8.242000000000000000e+03 8.585000000000000000e+03 8.238000000000000000e+03 8.116000000000000000e+03 8.327000000000000000e+03
1.900000000000000000e+03 8.161000000000000000e+03 8.267000000000000000e+03 8.566000000000000000e+03 8.216000000000000000e+03 8.069000000000000000e+03 8.371000000000000000e+03
1.950000000000000000e+03 8.169000000000000000e+03 8.256000000000000000e+03 8.581000000000000000e+03 8.263000000000000000e+03 8.071000000000000000e+03 8.316000000000000000e+03
2.000000000000000000e+03 8.158000000000000000e+03 8.262000000000000000e+03 8.558000000000000000e+03 8.254000000000000000e+03 8.073000000000000000e+03 8.327000000000000000e+03
2.050000000000000000e+03 8.162000000000000000e+03 8.242000000000000000e+03 8.584000000000000000e+03 8.268000000000000000e+03 8.067000000000000000e+03 8.340000000000000000e+03
2.100000000000000000e+03 8.167000000000000000e+03 8.258000000000000000e+03 8.574000000000000000e+03 8.229000000000000000e+03 8.097000000000000000e+03 8.325000000000000000e+03
2.150000000000000000e+03 8.177000000000000000e+03 8.237000000000000000e+03 8.579000000000000000e+03 8.282000000000000000e+03 8.089000000000000000e+03 8.366000000000000000e+03
2.200000000000000000e+03 8.162000000000000000e+03 8.243000000000000000e+03 8.587000000000000000e+03 8.287000000000000000e+03 8.073000000000000000e+03 8.347000000000000000e+03
2.250000000000000000e+03 8.161000000000000000e+03 8.257000000000000000e+03 8.593000000000000000e+03 8.297000000000000000e+03 8.059000000000000000e+03 8.341000000000000000e+03
2.300000000000000000e+03 8.160000000000000000e+03 8.241000000000000000e+03 8.591000000000000000e+03 8.309000000000000000e+03 8.042000000000000000e+03 8.352000000000000000e+03
2.350000000000000000e+03 8.170000000000000000e+03 8.232000000000000000e+03 8.603000000000000000e+03 8.293000000000000000e+03 8.088000000000000000e+03 8.354000000000000000e+03
2.400000000000000000e+03 8.174000000000000000e+03 8.255000000000000000e+03 8.572000000000000000e+03 8.256000000000000000e+03 8.099000000000000000e+03 8.355000000000000000e+03
2.450000000000000000e+03 8.165000000000000000e+03 8.253000000000000000e+03 8.573000000000000000e+03 8.280000000000000000e+03 8.059000000000000000e+03 8.328000000000000000e+03
2.500000000000000000e+03 8.177000000000000000e+03 8.253000000000000000e+03 8.581000000000000000e+03 8.238000000000000000e+03 8.120000000000000000e+03 8.331000000000000000e+03
2.550000000000000000e+03 8.158000000000000000e+03 8.253000000000000000e+03 8.567000000000000000e+03 8.287000000000000000e+03 8.063000000000000000e+03 8.352000000000000000e+03
2.600000000000000000e+03 8.166000000000000000e+03 8.237000000000000000e+03 8.595000000000000000e+03 8.305000000000000000e+03 8.097000000000000000e+03 8.369000000000000000e+03
2.650000000000000000e+03 8.174000000000000000e+03 8.234000000000000000e+03 8.624000000000000000e+03 8.316000000000000000e+03 8.112000000000000000e+03 8.374000000000000000e+03
2.700000000000000000e+03 8.173000000000000000e+03 8.223000000000000000e+03 8.605000000000000000e+03 8.353000000000000000e+03 8.088000000000000000e+03 8.400000000000000000e+03
2.750000000000000000e+03 8.186000000000000000e+03 8.227000000000000000e+03 8.609000000000000000e+03 8.346000000000000000e+03 8.090000000000000000e+03 8.385000000000000000e+03
2.800000000000000000e+03 8.156000000000000000e+03 8.234000000000000000e+03 8.589000000000000000e+03 8.335000000000000000e+03 8.059000000000000000e+03 8.423000000000000000e+03
2.850000000000000000e+03 8.150000000000000000e+03 8.221000000000000000e+03 8.599000000000000000e+03 8.371000000000000000e+03 8.072000000000000000e+03 8.377000000000000000e+03
2.900000000000000000e+03 8.180000000000000000e+03 8.234000000000000000e+03 8.617000000000000000e+03 8.354000000000000000e+03 8.103000000000000000e+03 8.337000000000000000e+03
2.950000000000000000e+03 8.178000000000000000e+03 8.222000000000000000e+03 8.613000000000000000e+03 8.331000000000000000e+03 8.144000000000000000e+03 8.365000000000000000e+03
3.000000000000000000e+03 8.164000000000000000e+03 8.240000000000000000e+03 8.607000000000000000e+03 8.324000000000000000e+03 8.115000000000000000e+03 8.370000000000000000e+03
3.050000000000000000e+03 8.156000000000000000e+03 8.214000000000000000e+03 8.604000000000000000e+03 8.390000000000000000e+03 8.057000000000000000e+03 8.404000000000000000e+03
3.100000000000000000e+03 8.186000000000000000e+03 8.233000000000000000e+03 8.631000000000000000e+03 8.363000000000000000e+03 8.121000000000000000e+03 8.358000000000000000e+03
3.150000000000000000e+03 8.184000000000000000e+03 8.219000000000000000e+03 8.602000000000000000e+03 8.384000000000000000e+03 8.096000000000000000e+03 8.373000000000000000e+03
3.200000000000000000e+03 8.198000000000000000e+03 8.211000000000000000e+03 8.594000000000000000e+03 8.384000000000000000e+03 8.119000000000000000e+03 8.364000000000000000e+03
3.250000000000000000e+03 8.189000000000000000e+03 8.215000000000000000e+03 8.650000000000000000e+03 8.391000000000000000e+03 8.124000000000000000e+03 8.378000000000000000e+03
3.300000000000000000e+03 8.181000000000000000e+03 8.207000000000000000e+03 8.648000000000000000e+03 8.394000000000000000e+03 8.146000000000000000e+03 8.397000000000000000e+03
3.350000000000000000e+03 8.167000000000000000e+03 8.222000000000000000e+03 8.606000000000000000e+03 8.393000000000000000e+03 8.083000000000000000e+03 8.419000000000000000e+03
3.400000000000000000e+03 8.195000000000000000e+03 8.219000000000000000e+03 8.616000000000000000e+03 8.396000000000000000e+03 8.139000000000000000e+03 8.406000000000000000e+03
3.450000000000000000e+03 8.191000000000000000e+03 8.209000000000000000e+03 8.633000000000000000e+03 8.406000000000000000e+03 8.141000000000000000e+03 8.413000000000000000e+03
3.500000000000000000e+03 8.128000000000000000e+03 8.228000000000000000e+03 8.625000000000000000e+03 8.411000000000000000e+03 8.067000000000000000e+03 8.448000000000000000e+03
3.550000000000000000e+03 8.155000000000000000e+03 8.207000000000000000e+03 8.630000000000000000e+03 8.436000000000000000e+03 8.114000000000000000e+03 8.453000000000000000e+03
3.600000000000000000e+03 8.190000000000000000e+03 8.216000000000000000e+03 8.649000000000000000e+03 8.401000000000000000e+03 8.183000000000000000e+03 8.428000000000000000e+03
3.650000000000000000e+03 8.185000000000000000e+03 8.187000000000000000e+03 8.631000000000000000e+03 8.440000000000000000e+03 8.175000000000000000e+03 8.447000000000000000e+03
3.700000000000000000e+03 8.173000000000000000e+03 8.204000000000000000e+03 8.643000000000000000e+03 8.442000000000000000e+03 8.130000000000000000e+03 8.425000000000000000e+03
3.750000000000000000e+03 8.139000000000000000e+03 8.246000000000000000e+03 8.572000000000000000e+03 8.397000000000000000e+03 8.106000000000000000e+03 8.441000000000000000e+03
3.800000000000000000e+03 8.176000000000000000e+03 8.202000000000000000e+03 8.671000000000000000e+03 8.444000000000000000e+03 8.143000000000000000e+03 8.408000000000000000e+03
3.850000000000000000e+03 8.186000000000000000e+03 8.204000000000000000e+03 8.651000000000000000e+03 8.431000000000000000e+03 8.151000000000000000e+03 8.411000000000000000e+03
3.900000000000000000e+03 8.158000000000000000e+03 8.232000000000000000e+03 8.596000000000000000e+03 8.393000000000000000e+03 8.128000000000000000e+03 8.400000000000000000e+03
3.950000000000000000e+03 8.180000000000000000e+03 8.219000000000000000e+03 8.646000000000000000e+03 8.426000000000000000e+03 8.147000000000000000e+03 8.413000000000000000e+03
4.000000000000000000e+03 8.190000000000000000e+03 8.214000000000000000e+03 8.637000000000000000e+03 8.425000000000000000e+03 8.152000000000000000e+03 8.404000000000000000e+03
4.050000000000000000e+03 8.175000000000000000e+03 8.219000000000000000e+03 8.621000000000000000e+03 8.416000000000000000e+03 8.137000000000000000e+03 8.405000000000000000e+03
4.100000000000000000e+03 8.184000000000000000e+03 8.220000000000000000e+03 8.644000000000000000e+03 8.415000000000000000e+03 8.152000000000000000e+03 8.417000000000000000e+03
4.150000000000000000e+03 8.182000000000000000e+03 8.215000000000000000e+03 8.644000000000000000e+03 8.427000000000000000e+03 8.145000000000000000e+03 8.400000000000000000e+03
4.200000000000000000e+03 8.176000000000000000e+03 8.226000000000000000e+03 8.625000000000000000e+03 8.411000000000000000e+03 8.143000000000000000e+03 8.392000000000000000e+03
4.250000000000000000e+03 8.182000000000000000e+03 8.226000000000000000e+03 8.632000000000000000e+03 8.413000000000000000e+03 8.149000000000000000e+03 8.400000000000000000e+03
4.300000000000000000e+03 8.174000000000000000e+03 8.216000000000000000e+03 8.643000000000000000e+03 8.423000000000000000e+03 8.146000000000000000e+03 8.399000000000000000e+03
4.350000000000000000e+03 8.180000000000000000e+03 8.218000000000000000e+03 8.628000000000000000e+03 8.412000000000000000e+03 8.150000000000000000e+03 8.409000000000000000e+03
4.400000000000000000e+03 8.177000000000000000e+03 8.224000000000000000e+03 8.620000000000000000e+03 8.408000000000000000e+03 8.137000000000000000e+03 8.395000000000000000e+03
4.450000000000000000e+03 8.172000000000000000e+03 8.213000000000000000e+03 8.641000000000000000e+03 8.421000000000000000e+03 8.146000000000000000e+03 8.405000000000000000e+03
4.500000000000000000e+03 8.177000000000000000e+03 8.222000000000000000e+03 8.628000000000000000e+03 8.414000000000000000e+03 8.144000000000000000e+03 8.394000000000000000e+03
4.550000000000000000e+03 8.175000000000000000e+03 8.218000000000000000e+03 8.624000000000000000e+03 8.410000000000000000e+03 8.151000000000000000e+03 8.416000000000000000e+03
4.600000000000000000e+03 8.183000000000000000e+03 8.214000000000000000e+03 8.631000000000000000e+03 8.413000000000000000e+03 8.151000000000000000e+03 8.396000000000000000e+03
4.650000000000000000e+03 8.186000000000000000e+03 8.214000000000000000e+03 8.635000000000000000e+03 8.417000000000000000e+03 8.149000000000000000e+03 8.395000000000000000e+03
4.700000000000000000e+03 8.169000000000000000e+03 8.220000000000000000e+03 8.624000000000000000e+03 8.410000000000000000e+03 8.149000000000000000e+03 8.404000000000000000e+03
4.750000000000000000e+03 8.186000000000000000e+03 8.222000000000000000e+03 8.627000000000000000e+03 8.412000000000000000e+03 8.148000000000000000e+03 8.407000000000000000e+03
4.800000000000000000e+03 8.178000000000000000e+03 8.219000000000000000e+03 8.635000000000000000e+03 8.421000000000000000e+03 8.144000000000000000e+03 8.396000000000000000e+03
4.850000000000000000e+03 8.175000000000000000e+03 8.216000000000000000e+03 8.628000000000000000e+03 8.413000000000000000e+03 8.146000000000000000e+03 8.395000000000000000e+03
4.900000000000000000e+03 8.170000000000000000e+03 8.220000000000000000e+03 8.626000000000000000e+03 8.412000000000000000e+03 8.153000000000000000e+03 8.396000000000000000e+03
4.950000000000000000e+03 8.177000000000000000e+03 8.215000000000000000e+03 8.632000000000000000e+03 8.414000000000000000e+03 8.149000000000000000e+03 8.404000000000000000e+03
5.000000000000000000e+03 8.176000000000000000e+03 8.215000000000000000e+03 8.629000000000000000e+03 8.414000000000000000e+03 8.147000000000000000e+03 8.395000000000000000e+03
5.050000000000000000e+03 8.175000000000000000e+03 8.224000000000000000e+03 8.624000000000000000e+03 8.407000000000000000e+03 8.148000000000000000e+03 8.405000000000000000e+03
5.100000000000000000e+03 8.180000000000000000e+03 8.218000000000000000e+03 8.627000000000000000e+03 8.416000000000000000e+03 8.150000000000000000e+03 8.400000000000000000e+03
5.150000000000000000e+03 8.180000000000000000e+03 8.221000000000000000e+03 8.630000000000000000e+03 8.414000000000000000e+03 8.149000000000000000e+03 8.397000000000000000e+03
5.200000000000000000e+03 8.175000000000000000e+03 8.218000000000000000e+03 8.627000000000000000e+03 8.410000000000000000e+03 8.148000000000000000e+03 8.408000000000000000e+03
5.250000000000000000e+03 8.176000000000000000e+03 8.221000000000000000e+03 8.629000000000000000e+03 8.408000000000000000e+03 8.149000000000000000e+03 8.407000000000000000e+03
5.300000000000000000e+03 8.177000000000000000e+03 8.216000000000000000e+03 8.627000000000000000e+03 8.412000000000000000e+03 8.146000000000000000e+03 8.402000000000000000e+03
5.350000000000000000e+03 8.175000000000000000e+03 8.216000000000000000e+03 8.627000000000000000e+03 8.410000000000000000e+03 8.147000000000000000e+03 8.406000000000000000e+03
5.400000000000000000e+03 8.180000000000000000e+03 8.221000000000000000e+03 8.626000000000000000e+03 8.408000000000000000e+03 8.150000000000000000e+03 8.402000000000000000e+03
5.450000000000000000e+03 8.180000000000000000e+03 8.220000000000000000e+03 8.630000000000000000e+03 8.415000000000000000e+03 8.150000000000000000e+03 8.393000000000000000e+03
5.500000000000000000e+03 8.188000000000000000e+03 8.215000000000000000e+03 8.630000000000000000e+03 8.414000000000000000e+03 8.149000000000000000e+03 8.408000000000000000e+03
5.550000000000000000e+03 8.192000000000000000e+03 8.219000000000000000e+03 8.630000000000000000e+03 8.413000000000000000e+03 8.154000000000000000e+03 8.409000000000000000e+03
5.600000000000000000e+03 8.183000000000000000e+03 8.223000000000000000e+03 8.624000000000000000e+03 8.417000000000000000e+03 8.147000000000000000e+03 8.402000000000000000e+03
5.650000000000000000e+03 8.170000000000000000e+03 8.220000000000000000e+03 8.633000000000000000e+03 8.418000000000000000e+03 8.148000000000000000e+03 8.408000000000000000e+03
5.700000000000000000e+03 8.181000000000000000e+03 8.219000000000000000e+03 8.633000000000000000e+03 8.426000000000000000e+03 8.146000000000000000e+03 8.384000000000000000e+03
5.750000000000000000e+03 8.186000000000000000e+03 8.222000000000000000e+03 8.635000000000000000e+03 8.422000000000000000e+03 8.154000000000000000e+03 8.402000000000000000e+03
5.800000000000000000e+03 8.177000000000000000e+03 8.218000000000000000e+03 8.629000000000000000e+03 8.419000000000000000e+03 8.149000000000000000e+03 8.412000000000000000e+03
5.850000000000000000e+03 8.176000000000000000e+03 8.229000000000000000e+03 8.637000000000000000e+03 8.428000000000000000e+03 8.149000000000000000e+03 8.426000000000000000e+03
5.900000000000000000e+03 8.184000000000000000e+03 8.209000000000000000e+03 8.643000000000000000e+03 8.438000000000000000e+03 8.163000000000000000e+03 8.406000000000000000e+03
5.950000000000000000e+03 8.184000000000000000e+03 8.213000000000000000e+03 8.634000000000000000e+03 8.413000000000000000e+03 8.173000000000000000e+03 8.420000000000000000e+03
6.000000000000000000e+03 8.146000000000000000e+03 8.230000000000000000e+03 8.631000000000000000e+03 8.428000000000000000e+03 8.122000000000000000e+03 8.425000000000000000e+03
6.050000000000000000e+03 8.188000000000000000e+03 8.206000000000000000e+03 8.656000000000000000e+03 8.452000000000000000e+03 8.184000000000000000e+03 8.424000000000000000e+03
6.100000000000000000e+03 8.183000000000000000e+03 8.207000000000000000e+03 8.649000000000000000e+03 8.448000000000000000e+03 8.156000000000000000e+03 8.411000000000000000e+03
6.150000000000000000e+03 8.177000000000000000e+03 8.215000000000000000e+03 8.671000000000000000e+03 8.467000000000000000e+03 8.176000000000000000e+03 8.425000000000000000e+03
6.200000000000000000e+03 8.183000000000000000e+03 8.205000000000000000e+03 8.660000000000000000e+03 8.456000000000000000e+03 8.182000000000000000e+03 8.430000000000000000e+03
6.250000000000000000e+03 8.160000000000000000e+03 8.209000000000000000e+03 8.669000000000000000e+03 8.463000000000000000e+03 8.157000000000000000e+03 8.449000000000000000e+03
6.300000000000000000e+03 8.209000000000000000e+03 8.198000000000000000e+03 8.657000000000000000e+03 8.467000000000000000e+03 8.213000000000000000e+03 8.417000000000000000e+03
6.350000000000000000e+03 8.204000000000000000e+03 8.197000000000000000e+03 8.690000000000000000e+03 8.464000000000000000e+03 8.209000000000000000e+03 8.420000000000000000e+03
6.400000000000000000e+03 8.177000000000000000e+03 8.210000000000000000e+03 8.659000000000000000e+03 8.473000000000000000e+03 8.181000000000000000e+03 8.429000000000000000e+03
6.450000000000000000e+03 8.188000000000000000e+03 8.206000000000000000e+03 8.680000000000000000e+03 8.480000000000000000e+03 8.210000000000000000e+03 8.411000000000000000e+03
6.500000000000000000e+03 8.187000000000000000e+03 8.199000000000000000e+03 8.710000000000000000e+03 8.505000000000000000e+03 8.202000000000000000e+03 8.419000000000000000e+03
6.550000000000000000e+03 8.188000000000000000e+03 8.198000000000000000e+03 8.660000000000000000e+03 8.487000000000000000e+03 8.196000000000000000e+03 8.460000000000000000e+03
6.600000000000000000e+03 8.199000000000000000e+03 8.202000000000000000e+03 8.698000000000000000e+03 8.483000000000000000e+03 8.231000000000000000e+03 8.427000000000000000e+03
6.650000000000000000e+03 8.143000000000000000e+03 8.227000000000000000e+03 8.672000000000000000e+03 8.453000000000000000e+03 8.167000000000000000e+03 8.443000000000000000e+03
6.700000000000000000e+03 8.206000000000000000e+03 8.196000000000000000e+03 8.685000000000000000e+03 8.481000000000000000e+03 8.251000000000000000e+03 8.425000000000000000e+03
6.750000000000000000e+03 8.206000000000000000e+03 8.206000000000000000e+03 8.687000000000000000e+03 8.473000000000000000e+03 8.239000000000000000e+03 8.416000000000000000e+03
6.800000000000000000e+03 8.167000000000000000e+03 8.202000000000000000e+03 8.692000000000000000e+03 8.502000000000000000e+03 8.205000000000000000e+03 8.420000000000000000e+03
6.850000000000000000e+03 8.188000000000000000e+03 8.198000000000000000e+03 8.685000000000000000e+03 8.521000000000000000e+03 8.237000000000000000e+03 8.429000000000000000e+03
6.900000000000000000e+03 8.215000000000000000e+03 8.181000000000000000e+03 8.691000000000000000e+03 8.537000000000000000e+03 8.235000000000000000e+03 8.433000000000000000e+03
6.950000000000000000e+03 8.202000000000000000e+03 8.198000000000000000e+03 8.687000000000000000e+03 8.500000000000000000e+03 8.249000000000000000e+03 8.400000000000000000e+03
7.000000000000000000e+03 8.138000000000000000e+03 8.222000000000000000e+03 8.682000000000000000e+03 8.479000000000000000e+03 8.190000000000000000e+03 8.429000000000000000e+03
7.050000000000000000e+03 8.212000000000000000e+03 8.202000000000000000e+03 8.709000000000000000e+03 8.492000000000000000e+03 8.304000000000000000e+03 8.429000000000000000e+03
7.100000000000000000e+03 8.196000000000000000e+03 8.194000000000000000e+03 8.694000000000000000e+03 8.527000000000000000e+03 8.239000000000000000e+03 8.415000000000000000e+03
7.150000000000000000e+03 8.190000000000000000e+03 8.205000000000000000e+03 8.672000000000000000e+03 8.484000000000000000e+03 8.221000000000000000e+03 8.410000000000000000e+03
7.200000000000000000e+03 8.195000000000000000e+03 8.206000000000000000e+03 8.685000000000000000e+03 8.483000000000000000e+03 8.294000000000000000e+03 8.406000000000000000e+03
7.250000000000000000e+03 8.215000000000000000e+03 8.207000000000000000e+03 8.691000000000000000e+03 8.475000000000000000e+03 8.289000000000000000e+03 8.377000000000000000e+03
7.300000000000000000e+03 8.196000000000000000e+03 8.199000000000000000e+03 8.677000000000000000e+03 8.476000000000000000e+03 8.255000000000000000e+03 8.408000000000000000e+03
7.350000000000000000e+03 8.182000000000000000e+03 8.195000000000000000e+03 8.681000000000000000e+03 8.521000000000000000e+03 8.241000000000000000e+03 8.440000000000000000e+03
7.400000000000000000e+03 8.221000000000000000e+03 8.200000000000000000e+03 8.695000000000000000e+03 8.502000000000000000e+03 8.292000000000000000e+03 8.430000000000000000e+03
7.450000000000000000e+03 8.212000000000000000e+03 8.194000000000000000e+03 8.693000000000000000e+03 8.492000000000000000e+03 8.290000000000000000e+03 8.444000000000000000e+03
7.500000000000000000e+03 8.197000000000000000e+03 8.199000000000000000e+03 8.727000000000000000e+03 8.517000000000000000e+03 8.299000000000000000e+03 8.433000000000000000e+03
7.550000000000000000e+03 8.210000000000000000e+03 8.194000000000000000e+03 8.720000000000000000e+03 8.519000000000000000e+03 8.300000000000000000e+03 8.443000000000000000e+03
7.600000000000000000e+03 8.191000000000000000e+03 8.195000000000000000e+03 8.720000000000000000e+03 8.504000000000000000e+03 8.299000000000000000e+03 8.419000000000000000e+03
7.650000000000000000e+03 8.217000000000000000e+03 8.209000000000000000e+03 8.682000000000000000e+03 8.467000000000000000e+03 8.305000000000000000e+03 8.439000000000000000e+03
7.700000000000000000e+03 8.209000000000000000e+03 8.207000000000000000e+03 8.702000000000000000e+03 8.502000000000000000e+03 8.303000000000000000e+03 8.419000000000000000e+03
7.750000000000000000e+03 8.202000000000000000e+03 8.205000000000000000e+03 8.709000000000000000e+03 8.502000000000000000e+03 8.305000000000000000e+03 8.437000000000000000e+03
7.800000000000000000e+03 8.212000000000000000e+03 8.194000000000000000e+03 8.718000000000000000e+03 8.511000000000000000e+03 8.316000000000000000e+03 8.414000000000000000e+03
7.850000000000000000e+03 8.203000000000000000e+03 8.200000000000000000e+03 8.703000000000000000e+03 8.502000000000000000e+03 8.301000000000000000e+03 8.440000000000000000e+03
7.900000000000000000e+03 8.217000000000000000e+03 8.183000000000000000e+03 8.718000000000000000e+03 8.513000000000000000e+03 8.324000000000000000e+03 8.419000000000000000e+03
7.950000000000000000e+03 8.198000000000000000e+03 8.195000000000000000e+03 8.708000000000000000e+03 8.500000000000000000e+03 8.311000000000000000e+03 8.429000000000000000e+03
8.000000000000000000e+03 8.210000000000000000e+03 8.191000000000000000e+03 8.703000000000000000e+03 8.511000000000000000e+03 8.311000000000000000e+03 8.433000000000000000e+03
8.050000000000000000e+03 8.203000000000000000e+03 8.202000000000000000e+03 8.701000000000000000e+03 8.505000000000000000e+03 8.307000000000000000e+03 8.422000000000000000e+03
8.100000000000000000e+03 8.212000000000000000e+03 8.195000000000000000e+03 8.702000000000000000e+03 8.488000000000000000e+03 8.314000000000000000e+03 8.413000000000000000e+03
8.150000000000000000e+03 8.203000000000000000e+03 8.204000000000000000e+03 8.693000000000000000e+03 8.491000000000000000e+03 8.312000000000000000e+03 8.429000000000000000e+03
8.200000000000000000e+03 8.201000000000000000e+03 8.191000000000000000e+03 8.700000000000000000e+03 8.494000000000000000e+03 8.308000000000000000e+03 8.415000000000000000e+03
8.250000000000000000e+03 8.203000000000000000e+03 8.198000000000000000e+03 8.702000000000000000e+03 8.500000000000000000e+03 8.302000000000000000e+03 8.416000000000000000e+03
8.300000000000000000e+03 8.202000000000000000e+03 8.202000000000000000e+03 8.704000000000000000e+03 8.481000000000000000e+03 8.325000000000000000e+03 8.445000000000000000e+03
8.350000000000000000e+03 8.213000000000000000e+03 8.209000000000000000e+03 8.704000000000000000e+03 8.508000000000000000e+03 8.299000000000000000e+03 8.407000000000000000e+03
8.400000000000000000e+03 8.212000000000000000e+03 8.193000000000000000e+03 8.704000000000000000e+03 8.527000000000000000e+03 8.296000000000000000e+03 8.487000000000000000e+03
8.450000000000000000e+03 8.219000000000000000e+03 8.201000000000000000e+03 8.698000000000000000e+03 8.463000000000000000e+03 8.346000000000000000e+03 8.474000000000000000e+03
8.500000000000000000e+03 8.219000000000000000e+03 8.202000000000000000e+03 8.687000000000000000e+03 8.424000000000000000e+03 8.388000000000000000e+03 8.537000000000000000e+03
8.550000000000000000e+03 8.213000000000000000e+03 8.213000000000000000e+03 8.702000000000000000e+03 8.396000000000000000e+03 8.432000000000000000e+03 8.534000000000000000e+03
8.600000000000000000e+03 8.244000000000000000e+03 8.224000000000000000e+03 8.701000000000000000e+03 8.362000000000000000e+03 8.499000000000000000e+03 8.421000000000000000e+03
8.650000000000000000e+03 8.235000000000000000e+03 8.250000000000000000e+03 8.678000000000000000e+03 8.238000000000000000e+03 8.479000000000000000e+03 8.402000000000000000e+03
8.700000000000000000e+03 8.195000000000000000e+03 8.256000000000000000e+03 8.628000000000000000e+03 8.170000000000000000e+03 8.449000000000000000e+03 8.442000000000000000e+03
8.750000000000000000e+03 8.225000000000000000e+03 8.266000000000000000e+03 8.650000000000000000e+03 8.151000000000000000e+03 8.488000000000000000e+03 8.317000000000000000e+03
8.800000000000000000e+03 8.220000000000000000e+03 8.264000000000000000e+03 8.642000000000000000e+03 8.135000000000000000e+03 8.474000000000000000e+03 8.307000000000000000e+03
8.850000000000000000e+03 8.216000000000000000e+03 8.270000000000000000e+03 8.638000000000000000e+03 8.122000000000000000e+03 8.490000000000000000e+03 8.310000000000000000e+03
8.900000000000000000e+03 8.212000000000000000e+03 8.278000000000000000e+03 8.638000000000000000e+03 8.131000000000000000e+03 8.454000000000000000e+03 8.348000000000000000e+03
8.950000000000000000e+03 8.215000000000000000e+03 8.266000000000000000e+03 8.664000000000000000e+03 8.151000000000000000e+03 8.488000000000000000e+03 8.270000000000000000e+03
9.000000000000000000e+03 8.240000000000000000e+03 8.256000000000000000e+03 8.697000000000000000e+03 8.206000000000000000e+03 8.499000000000000000e+03 8.321000000000000000e+03
9.050000000000000000e+03 8.238000000000000000e+03 8.246000000000000000e+03 8.680000000000000000e+03 8.303000000000000000e+03 8.514000000000000000e+03 8.328000000000000000e+03
9.100000000000000000e+03 8.232000000000000000e+03 8.218000000000000000e+03 8.698000000000000000e+03 8.327000000000000000e+03 8.389000000000000000e+03 8.361000000000000000e+03
9.150000000000000000e+03 8.218000000000000000e+03 8.220000000000000000e+03 8.676000000000000000e+03 8.474000000000000000e+03 8.344000000000000000e+03 8.447000000000000000e+03
9.200000000000000000e+03 8.197000000000000000e+03 8.232000000000000000e+03 8.612000000000000000e+03 8.436000000000000000e+03 8.267000000000000000e+03 8.393000000000000000e+03
9.250000000000000000e+03 8.192000000000000000e+03 8.227000000000000000e+03 8.674000000000000000e+03 8.463000000000000000e+03 8.156000000000000000e+03 8.127000000000000000e+03
9.300000000000000000e+03 8.178000000000000000e+03 8.219000000000000000e+03 8.653000000000000000e+03 8.378000000000000000e+03 8.204000000000000000e+03 8.309000000000000000e+03
9.350000000000000000e+03 8.158000000000000000e+03 8.244000000000000000e+03 8.609000000000000000e+03 8.388000000000000000e+03 8.024000000000000000e+03 8.323000000000000000e+03
9.400000000000000000e+03 8.155000000000000000e+03 8.235000000000000000e+03 8.604000000000000000e+03 8.367000000000000000e+03 8.065000000000000000e+03 8.373000000000000000e+03
9.450000000000000000e+03 8.162000000000000000e+03 8.224000000000000000e+03 8.623000000000000000e+03 8.399000000000000000e+03 8.057000000000000000e+03 8.372000000000000000e+03
9.500000000000000000e+03 8.172000000000000000e+03 8.230000000000000000e+03 8.635000000000000000e+03 8.405000000000000000e+03 8.109000000000000000e+03 8.347000000000000000e+03
9.550000000000000000e+03 8.178000000000000000e+03 8.228000000000000000e+03 8.645000000000000000e+03 8.464000000000000000e+03 8.080000000000000000e+03 8.296000000000000000e+03
9.600000000000000000e+03 8.175000000000000000e+03 8.222000000000000000e+03 8.672000000000000000e+03 8.465000000000000000e+03 8.155000000000000000e+03 8.411000000000000000e+03
9.650000000000000000e+03 8.184000000000000000e+03 8.211000000000000000e+03 8.688000000000000000e+03 8.503000000000000000e+03 8.163000000000000000e+03 8.339000000000000000e+03
9.700000000000000000e+03 8.195000000000000000e+03 8.218000000000000000e+03 8.661000000000000000e+03 8.458000000000000000e+03 8.235000000000000000e+03 8.338000000000000000e+03
9.750000000000000000e+03 8.201000000000000000e+03 8.197000000000000000e+03 8.685000000000000000e+03 8.460000000000000000e+03 8.271000000000000000e+03 8.467000000000000000e+03
9.800000000000000000e+03 8.201000000000000000e+03 8.205000000000000000e+03 8.693000000000000000e+03 8.496000000000000000e+03 8.271000000000000000e+03 8.395000000000000000e+03
9.850000000000000000e+03 8.197000000000000000e+03 8.212000000000000000e+03 8.690000000000000000e+03 8.479000000000000000e+03 8.288000000000000000e+03 8.406000000000000000e+03
9.900000000000000000e+03 8.174000000000000000e+03 8.209000000000000000e+03 8.697000000000000000e+03 8.484000000000000000e+03 8.242000000000000000e+03 8.407000000000000000e+03
9.950000000000000000e+03 8.124000000000000000e+03 8.214000000000000000e+03 8.670000000000000000e+03 8.448000000000000000e+03 8.172000000000000000e+03 8.514000000000000000e+03
1.000000000000000000e+04 8.141000000000000000e+03 8.212000000000000000e+03 8.710000000000000000e+03 8.499000000000000000e+03 8.187000000000000000e+03 8.447000000000000000e+03
1.005000000000000000e+04 8.101000000000000000e+03 8.193000000000000000e+03 8.763000000000000000e+03 8.590000000000000000e+03 8.077000000000000000e+03 8.378000000000000000e+03
1.010000000000000000e+04 8.134000000000000000e+03 8.158000000000000000e+03 8.783000000000000000e+03 8.630000000000000000e+03 8.029000000000000000e+03 8.561000000000000000e+03
1.015000000000000000e+04 8.124000000000000000e+03 8.142000000000000000e+03 8.737000000000000000e+03 8.810000000000000000e+03 7.994000000000000000e+03 8.406000000000000000e+03
1.020000000000000000e+04 8.100000000000000000e+03 8.063000000000000000e+03 8.768000000000000000e+03 9.068000000000000000e+03 7.856000000000000000e+03 8.593000000000000000e+03
1.025000000000000000e+04 8.147000000000000000e+03 8.131000000000000000e+03 8.636000000000000000e+03 8.778000000000000000e+03 7.964000000000000000e+03 8.505000000000000000e+03
1.030000000000000000e+04 8.128000000000000000e+03 8.146000000000000000e+03 8.538000000000000000e+03 8.614000000000000000e+03 8.012000000000000000e+03 8.368000000000000000e+03
1.035000000000000000e+04 8.127000000000000000e+03 8.118000000000000000e+03 8.540000000000000000e+03 8.614000000000000000e+03 7.986000000000000000e+03 8.405000000000000000e+03
1.040000000000000000e+04 8.131000000000000000e+03 8.114000000000000000e+03 8.581000000000000000e+03 8.613000000000000000e+03 8.014000000000000000e+03 8.439000000000000000e+03
1.045000000000000000e+04 8.148000000000000000e+03 8.166000000000000000e+03 8.528000000000000000e+03 8.523000000000000000e+03 8.047000000000000000e+03 8.396000000000000000e+03
1.050000000000000000e+04 8.172000000000000000e+03 8.241000000000000000e+03 8.513000000000000000e+03 8.387000000000000000e+03 8.138000000000000000e+03 8.358000000000000000e+03
1.055000000000000000e+04 8.130000000000000000e+03 8.196000000000000000e+03 8.530000000000000000e+03 8.399000000000000000e+03 8.063000000000000000e+03 8.438000000000000000e+03
1.060000000000000000e+04 8.146000000000000000e+03 8.179000000000000000e+03 8.610000000000000000e+03 8.541000000000000000e+03 8.019000000000000000e+03 8.303000000000000000e+03
1.065000000000000000e+04 8.150000000000000000e+03 8.204000000000000000e+03 8.694000000000000000e+03 8.469000000000000000e+03 8.179000000000000000e+03 8.444000000000000000e+03
1.070000000000000000e+04 8.166000000000000000e+03 8.208000000000000000e+03 8.686000000000000000e+03 8.531000000000000000e+03 8.096000000000000000e+03 8.344000000000000000e+03
1.075000000000000000e+04 8.105000000000000000e+03 8.237000000000000000e+03 8.603000000000000000e+03 8.428000000000000000e+03 8.034000000000000000e+03 8.301000000000000000e+03
