0.000000000000000000e+00 8.177000000000000000e+03 8.249000000000000000e+03 8.559000000000000000e+03 8.284000000000000000e+03 8.096000000000000000e+03 8.354000000000000000e+03
5.000000000000000000e+01 8.184000000000000000e+03 8.255000000000000000e+03 8.561000000000000000e+03 8.280000000000000000e+03 8.103000000000000000e+03 8.356000000000000000e+03
1.000000000000000000e+02 8.175000000000000000e+03 8.245000000000000000e+03 8.558000000000000000e+03 8.291000000000000000e+03 8.105000000000000000e+03 8.349000000000000000e+03
1.500000000000000000e+02 8.184000000000000000e+03 8.253000000000000000e+03 8.554000000000000000e+03 8.285000000000000000e+03 8.107000000000000000e+03 8.357000000000000000e+03
2.000000000000000000e+02 8.168000000000000000e+03 8.238000000000000000e+03 8.554000000000000000e+03 8.415000000000000000e+03 8.020000000000000000e+03 8.311000000000000000e+03
2.500000000000000000e+02 8.176000000000000000e+03 8.245000000000000000e+03 8.555000000000000000e+03 8.414000000000000000e+03 8.021000000000000000e+03 8.314000000000000000e+03
3.000000000000000000e+02 8.172000000000000000e+03 8.241000000000000000e+03 8.554000000000000000e+03 8.414000000000000000e+03 8.020000000000000000e+03 8.320000000000000000e+03
3.500000000000000000e+02 8.170000000000000000e+03 8.239000000000000000e+03 8.556000000000000000e+03 8.415000000000000000e+03 8.018000000000000000e+03 8.314000000000000000e+03
4.000000000000000000e+02 8.174000000000000000e+03 8.233000000000000000e+03 8.552000000000000000e+03 8.416000000000000000e+03 8.024000000000000000e+03 8.310000000000000000e+03
4.500000000000000000e+02 8.170000000000000000e+03 8.234000000000000000e+03 8.551000000000000000e+03 8.412000000000000000e+03 8.022000000000000000e+03 8.315000000000000000e+03
5.000000000000000000e+02 8.182000000000000000e+03 8.235000000000000000e+03 8.547000000000000000e+03 8.408000000000000000e+03 8.023000000000000000e+03 8.313000000000000000e+03
5.500000000000000000e+02 8.169000000000000000e+03 8.226000000000000000e+03 8.547000000000000000e+03 8.413000000000000000e+03 8.025000000000000000e+03 8.307000000000000000e+03
6.000000000000000000e+02 8.172000000000000000e+03 8.238000000000000000e+03 8.553000000000000000e+03 8.413000000000000000e+03 8.021000000000000000e+03 8.304000000000000000e+03
6.500000000000000000e+02 8.171000000000000000e+03 8.231000000000000000e+03 8.556000000000000000e+03 8.415000000000000000e+03 8.016000000000000000e+03 8.309000000000000000e+03
7.000000000000000000e+02 8.166000000000000000e+03 8.236000000000000000e+03 8.546000000000000000e+03 8.409000000000000000e+03 7.998000000000000000e+03 8.332000000000000000e+03
7.500000000000000000e+02 8.158000000000000000e+03 8.236000000000000000e+03 8.555000000000000000e+03 8.410000000000000000e+03 8.013000000000000000e+03 8.326000000000000000e+03
8.000000000000000000e+02 8.169000000000000000e+03 8.236000000000000000e+03 8.558000000000000000e+03 8.422000000000000000e+03 8.014000000000000000e+03 8.311000000000000000e+03
8.500000000000000000e+02 8.155000000000000000e+03 8.222000000000000000e+03 8.557000000000000000e+03 8.431000000000000000e+03 8.008000000000000000e+03 8.309000000000000000e+03
9.000000000000000000e+02 8.168000000000000000e+03 8.237000000000000000e+03 8.560000000000000000e+03 8.424000000000000000e+03 8.009000000000000000e+03 8.309000000000000000e+03
9.500000000000000000e+02 8.158000000000000000e+03 8.230000000000000000e+03 8.567000000000000000e+03 8.455000000000000000e+03 7.955000000000000000e+03 8.326000000000000000e+03
1.000000000000000000e+03 8.152000000000000000e+03 8.229000000000000000e+03 8.553000000000000000e+03 8.467000000000000000e+03 7.935000000000000000e+03 8.318000000000000000e+03
1.050000000000000000e+03 8.160000000000000000e+03 8.228000000000000000e+03 8.544000000000000000e+03 8.485000000000000000e+03 7.901000000000000000e+03 8.304000000000000000e+03
1.100000000000000000e+03 8.133000000000000000e+03 8.218000000000000000e+03 8.538000000000000000e+03 8.518000000000000000e+03 7.859000000000000000e+03 8.320000000000000000e+03
1.150000000000000000e+03 8.141000000000000000e+03 8.231000000000000000e+03 8.551000000000000000e+03 8.531000000000000000e+03 7.837000000000000000e+03 8.326000000000000000e+03
1.200000000000000000e+03 8.137000000000000000e+03 8.211000000000000000e+03 8.532000000000000000e+03 8.558000000000000000e+03 7.813000000000000000e+03 8.316000000000000000e+03
1.250000000000000000e+03 8.132000000000000000e+03 8.214000000000000000e+03 8.562000000000000000e+03 8.522000000000000000e+03 7.881000000000000000e+03 8.299000000000000000e+03
1.300000000000000000e+03 8.142000000000000000e+03 8.225000000000000000e+03 8.568000000000000000e+03 8.517000000000000000e+03 7.876000000000000000e+03 8.285000000000000000e+03
1.350000000000000000e+03 8.138000000000000000e+03 8.210000000000000000e+03 8.556000000000000000e+03 8.528000000000000000e+03 7.861000000000000000e+03 8.272000000000000000e+03
1.400000000000000000e+03 8.134000000000000000e+03 8.216000000000000000e+03 8.559000000000000000e+03 8.556000000000000000e+03 7.812000000000000000e+03 8.274000000000000000e+03
1.450000000000000000e+03 8.149000000000000000e+03 8.211000000000000000e+03 8.580000000000000000e+03 8.592000000000000000e+03 7.820000000000000000e+03 8.302000000000000000e+03
1.500000000000000000e+03 8.137000000000000000e+03 8.212000000000000000e+03 8.556000000000000000e+03 8.582000000000000000e+03 7.803000000000000000e+03 8.296000000000000000e+03
1.550000000000000000e+03 8.151000000000000000e+03 8.207000000000000000e+03 8.570000000000000000e+03 8.602000000000000000e+03 7.798000000000000000e+03 8.291000000000000000e+03
1.600000000000000000e+03 8.133000000000000000e+03 8.214000000000000000e+03 8.579000000000000000e+03 8.623000000000000000e+03 7.770000000000000000e+03 8.298000000000000000e+03
1.650000000000000000e+03 8.143000000000000000e+03 8.211000000000000000e+03 8.573000000000000000e+03 8.611000000000000000e+03 7.778000000000000000e+03 8.290000000000000000e+03
1.700000000000000000e+03 8.136000000000000000e+03 8.214000000000000000e+03 8.573000000000000000e+03 8.634000000000000000e+03 7.733000000000000000e+03 8.296000000000000000e+03
1.750000000000000000e+03 8.141000000000000000e+03 8.217000000000000000e+03 8.564000000000000000e+03 8.643000000000000000e+03 7.715000000000000000e+03 8.290000000000000000e+03
1.800000000000000000e+03 8.146000000000000000e+03 8.214000000000000000e+03 8.567000000000000000e+03 8.622000000000000000e+03 7.719000000000000000e+03 8.286000000000000000e+03
1.850000000000000000e+03 8.129000000000000000e+03 8.222000000000000000e+03 8.566000000000000000e+03 8.616000000000000000e+03 7.674000000000000000e+03 8.266000000000000000e+03
1.900000000000000000e+03 8.138000000000000000e+03 8.227000000000000000e+03 8.576000000000000000e+03 8.634000000000000000e+03 7.674000000000000000e+03 8.269000000000000000e+03
1.950000000000000000e+03 8.117000000000000000e+03 8.241000000000000000e+03 8.557000000000000000e+03 8.610000000000000000e+03 7.621000000000000000e+03 8.271000000000000000e+03
2.000000000000000000e+03 8.123000000000000000e+03 8.224000000000000000e+03 8.589000000000000000e+03 8.631000000000000000e+03 7.603000000000000000e+03 8.231000000000000000e+03
2.050000000000000000e+03 8.113000000000000000e+03 8.239000000000000000e+03 8.563000000000000000e+03 8.585000000000000000e+03 7.606000000000000000e+03 8.236000000000000000e+03
2.100000000000000000e+03 8.106000000000000000e+03 8.246000000000000000e+03 8.568000000000000000e+03 8.538000000000000000e+03 7.590000000000000000e+03 8.245000000000000000e+03
2.150000000000000000e+03 8.099000000000000000e+03 8.245000000000000000e+03 8.574000000000000000e+03 8.532000000000000000e+03 7.583000000000000000e+03 8.246000000000000000e+03
2.200000000000000000e+03 8.115000000000000000e+03 8.240000000000000000e+03 8.595000000000000000e+03 8.543000000000000000e+03 7.601000000000000000e+03 8.221000000000000000e+03
2.250000000000000000e+03 8.107000000000000000e+03 8.238000000000000000e+03 8.592000000000000000e+03 8.546000000000000000e+03 7.594000000000000000e+03 8.254000000000000000e+03
2.300000000000000000e+03 8.106000000000000000e+03 8.245000000000000000e+03 8.618000000000000000e+03 8.519000000000000000e+03 7.611000000000000000e+03 8.235000000000000000e+03
2.350000000000000000e+03 8.122000000000000000e+03 8.260000000000000000e+03 8.625000000000000000e+03 8.467000000000000000e+03 7.656000000000000000e+03 8.230000000000000000e+03
2.400000000000000000e+03 8.144000000000000000e+03 8.226000000000000000e+03 8.641000000000000000e+03 8.524000000000000000e+03 7.740000000000000000e+03 8.261000000000000000e+03
2.450000000000000000e+03 8.154000000000000000e+03 8.250000000000000000e+03 8.632000000000000000e+03 8.472000000000000000e+03 7.710000000000000000e+03 8.241000000000000000e+03
2.500000000000000000e+03 8.131000000000000000e+03 8.263000000000000000e+03 8.639000000000000000e+03 8.505000000000000000e+03 7.669000000000000000e+03 8.210000000000000000e+03
2.550000000000000000e+03 8.130000000000000000e+03 8.247000000000000000e+03 8.647000000000000000e+03 8.543000000000000000e+03 7.638000000000000000e+03 8.220000000000000000e+03
2.600000000000000000e+03 8.136000000000000000e+03 8.237000000000000000e+03 8.662000000000000000e+03 8.577000000000000000e+03 7.612000000000000000e+03 8.247000000000000000e+03
2.650000000000000000e+03 8.121000000000000000e+03 8.240000000000000000e+03 8.636000000000000000e+03 8.541000000000000000e+03 7.643000000000000000e+03 8.221000000000000000e+03
2.700000000000000000e+03 8.140000000000000000e+03 8.252000000000000000e+03 8.672000000000000000e+03 8.540000000000000000e+03 7.651000000000000000e+03 8.216000000000000000e+03
2.750000000000000000e+03 8.123000000000000000e+03 8.248000000000000000e+03 8.662000000000000000e+03 8.560000000000000000e+03 7.618000000000000000e+03 8.233000000000000000e+03
2.800000000000000000e+03 8.137000000000000000e+03 8.238000000000000000e+03 8.655000000000000000e+03 8.547000000000000000e+03 7.653000000000000000e+03 8.237000000000000000e+03
2.850000000000000000e+03 8.143000000000000000e+03 8.241000000000000000e+03 8.656000000000000000e+03 8.574000000000000000e+03 7.614000000000000000e+03 8.273000000000000000e+03
2.900000000000000000e+03 8.124000000000000000e+03 8.272000000000000000e+03 8.590000000000000000e+03 8.542000000000000000e+03 7.688000000000000000e+03 8.283000000000000000e+03
2.950000000000000000e+03 8.143000000000000000e+03 8.206000000000000000e+03 8.664000000000000000e+03 8.598000000000000000e+03 7.676000000000000000e+03 8.250000000000000000e+03
3.000000000000000000e+03 8.150000000000000000e+03 8.238000000000000000e+03 8.669000000000000000e+03 8.562000000000000000e+03 7.701000000000000000e+03 8.241000000000000000e+03
3.050000000000000000e+03 8.149000000000000000e+03 8.217000000000000000e+03 8.641000000000000000e+03 8.563000000000000000e+03 7.720000000000000000e+03 8.252000000000000000e+03
3.100000000000000000e+03 8.123000000000000000e+03 8.209000000000000000e+03 8.627000000000000000e+03 8.547000000000000000e+03 7.706000000000000000e+03 8.243000000000000000e+03
3.150000000000000000e+03 8.144000000000000000e+03 8.242000000000000000e+03 8.654000000000000000e+03 8.547000000000000000e+03 7.708000000000000000e+03 8.260000000000000000e+03
3.200000000000000000e+03 8.159000000000000000e+03 8.232000000000000000e+03 8.656000000000000000e+03 8.555000000000000000e+03 7.725000000000000000e+03 8.257000000000000000e+03
3.250000000000000000e+03 8.157000000000000000e+03 8.238000000000000000e+03 8.638000000000000000e+03 8.557000000000000000e+03 7.714000000000000000e+03 8.267000000000000000e+03
3.300000000000000000e+03 8.145000000000000000e+03 8.244000000000000000e+03 8.645000000000000000e+03 8.547000000000000000e+03 7.720000000000000000e+03 8.259000000000000000e+03
3.350000000000000000e+03 8.143000000000000000e+03 8.230000000000000000e+03 8.636000000000000000e+03 8.550000000000000000e+03 7.741000000000000000e+03 8.271000000000000000e+03
3.400000000000000000e+03 8.148000000000000000e+03 8.237000000000000000e+03 8.639000000000000000e+03 8.549000000000000000e+03 7.735000000000000000e+03 8.269000000000000000e+03
3.450000000000000000e+03 8.148000000000000000e+03 8.232000000000000000e+03 8.647000000000000000e+03 8.549000000000000000e+03 7.733000000000000000e+03 8.268000000000000000e+03
3.500000000000000000e+03 8.148000000000000000e+03 8.230000000000000000e+03 8.635000000000000000e+03 8.544000000000000000e+03 7.741000000000000000e+03 8.263000000000000000e+03
3.550000000000000000e+03 8.149000000000000000e+03 8.230000000000000000e+03 8.644000000000000000e+03 8.539000000000000000e+03 7.736000000000000000e+03 8.259000000000000000e+03
3.600000000000000000e+03 8.143000000000000000e+03 8.244000000000000000e+03 8.649000000000000000e+03 8.539000000000000000e+03 7.730000000000000000e+03 8.268000000000000000e+03
3.650000000000000000e+03 8.153000000000000000e+03 8.234000000000000000e+03 8.642000000000000000e+03 8.542000000000000000e+03 7.736000000000000000e+03 8.266000000000000000e+03
3.700000000000000000e+03 8.155000000000000000e+03 8.233000000000000000e+03 8.635000000000000000e+03 8.542000000000000000e+03 7.749000000000000000e+03 8.271000000000000000e+03
3.750000000000000000e+03 8.158000000000000000e+03 8.242000000000000000e+03 8.641000000000000000e+03 8.534000000000000000e+03 7.741000000000000000e+03 8.272000000000000000e+03
3.800000000000000000e+03 8.150000000000000000e+03 8.235000000000000000e+03 8.645000000000000000e+03 8.533000000000000000e+03 7.734000000000000000e+03 8.264000000000000000e+03
3.850000000000000000e+03 8.152000000000000000e+03 8.230000000000000000e+03 8.646000000000000000e+03 8.535000000000000000e+03 7.743000000000000000e+03 8.267000000000000000e+03
3.900000000000000000e+03 8.152000000000000000e+03 8.225000000000000000e+03 8.633000000000000000e+03 8.537000000000000000e+03 7.756000000000000000e+03 8.259000000000000000e+03
3.950000000000000000e+03 8.151000000000000000e+03 8.227000000000000000e+03 8.631000000000000000e+03 8.535000000000000000e+03 7.749000000000000000e+03 8.262000000000000000e+03
4.000000000000000000e+03 8.158000000000000000e+03 8.227000000000000000e+03 8.634000000000000000e+03 8.534000000000000000e+03 7.762000000000000000e+03 8.270000000000000000e+03
4.050000000000000000e+03 8.155000000000000000e+03 8.227000000000000000e+03 8.635000000000000000e+03 8.535000000000000000e+03 7.758000000000000000e+03 8.264000000000000000e+03
4.100000000000000000e+03 8.147000000000000000e+03 8.242000000000000000e+03 8.656000000000000000e+03 8.525000000000000000e+03 7.744000000000000000e+03 8.264000000000000000e+03
4.150000000000000000e+03 8.154000000000000000e+03 8.232000000000000000e+03 8.642000000000000000e+03 8.534000000000000000e+03 7.763000000000000000e+03 8.276000000000000000e+03
4.200000000000000000e+03 8.153000000000000000e+03 8.232000000000000000e+03 8.644000000000000000e+03 8.533000000000000000e+03 7.759000000000000000e+03 8.265000000000000000e+03
4.250000000000000000e+03 8.149000000000000000e+03 8.237000000000000000e+03 8.639000000000000000e+03 8.527000000000000000e+03 7.754000000000000000e+03 8.265000000000000000e+03
4.300000000000000000e+03 8.149000000000000000e+03 8.225000000000000000e+03 8.642000000000000000e+03 8.531000000000000000e+03 7.765000000000000000e+03 8.281000000000000000e+03
4.350000000000000000e+03 8.153000000000000000e+03 8.233000000000000000e+03 8.646000000000000000e+03 8.530000000000000000e+03 7.763000000000000000e+03 8.281000000000000000e+03
4.400000000000000000e+03 8.152000000000000000e+03 8.230000000000000000e+03 8.645000000000000000e+03 8.530000000000000000e+03 7.758000000000000000e+03 8.271000000000000000e+03
4.450000000000000000e+03 8.153000000000000000e+03 8.237000000000000000e+03 8.643000000000000000e+03 8.523000000000000000e+03 7.755000000000000000e+03 8.270000000000000000e+03
4.500000000000000000e+03 8.154000000000000000e+03 8.230000000000000000e+03 8.643000000000000000e+03 8.528000000000000000e+03 7.767000000000000000e+03 8.278000000000000000e+03
4.550000000000000000e+03 8.151000000000000000e+03 8.231000000000000000e+03 8.639000000000000000e+03 8.530000000000000000e+03 7.770000000000000000e+03 8.282000000000000000e+03
4.600000000000000000e+03 8.152000000000000000e+03 8.241000000000000000e+03 8.649000000000000000e+03 8.523000000000000000e+03 7.754000000000000000e+03 8.281000000000000000e+03
4.650000000000000000e+03 8.158000000000000000e+03 8.220000000000000000e+03 8.635000000000000000e+03 8.518000000000000000e+03 7.772000000000000000e+03 8.281000000000000000e+03
4.700000000000000000e+03 8.151000000000000000e+03 8.237000000000000000e+03 8.647000000000000000e+03 8.525000000000000000e+03 7.772000000000000000e+03 8.264000000000000000e+03
4.750000000000000000e+03 8.154000000000000000e+03 8.241000000000000000e+03 8.654000000000000000e+03 8.517000000000000000e+03 7.768000000000000000e+03 8.268000000000000000e+03
4.800000000000000000e+03 8.156000000000000000e+03 8.229000000000000000e+03 8.645000000000000000e+03 8.516000000000000000e+03 7.763000000000000000e+03 8.278000000000000000e+03
4.850000000000000000e+03 8.143000000000000000e+03 8.244000000000000000e+03 8.671000000000000000e+03 8.511000000000000000e+03 7.758000000000000000e+03 8.282000000000000000e+03
4.900000000000000000e+03 8.157000000000000000e+03 8.235000000000000000e+03 8.666000000000000000e+03 8.492000000000000000e+03 7.767000000000000000e+03 8.283000000000000000e+03
4.950000000000000000e+03 8.149000000000000000e+03 8.235000000000000000e+03 8.646000000000000000e+03 8.516000000000000000e+03 7.732000000000000000e+03 8.290000000000000000e+03
5.000000000000000000e+03 8.153000000000000000e+03 8.251000000000000000e+03 8.672000000000000000e+03 8.485000000000000000e+03 7.741000000000000000e+03 8.255000000000000000e+03
5.050000000000000000e+03 8.161000000000000000e+03 8.234000000000000000e+03 8.673000000000000000e+03 8.495000000000000000e+03 7.753000000000000000e+03 8.279000000000000000e+03
5.100000000000000000e+03 8.147000000000000000e+03 8.225000000000000000e+03 8.675000000000000000e+03 8.517000000000000000e+03 7.716000000000000000e+03 8.296000000000000000e+03
5.150000000000000000e+03 8.137000000000000000e+03 8.226000000000000000e+03 8.656000000000000000e+03 8.537000000000000000e+03 7.699000000000000000e+03 8.280000000000000000e+03
5.200000000000000000e+03 8.142000000000000000e+03 8.234000000000000000e+03 8.678000000000000000e+03 8.526000000000000000e+03 7.723000000000000000e+03 8.267000000000000000e+03
5.250000000000000000e+03 8.139000000000000000e+03 8.236000000000000000e+03 8.656000000000000000e+03 8.512000000000000000e+03 7.697000000000000000e+03 8.274000000000000000e+03
5.300000000000000000e+03 8.142000000000000000e+03 8.258000000000000000e+03 8.687000000000000000e+03 8.494000000000000000e+03 7.707000000000000000e+03 8.261000000000000000e+03
5.350000000000000000e+03 8.138000000000000000e+03 8.232000000000000000e+03 8.689000000000000000e+03 8.538000000000000000e+03 7.701000000000000000e+03 8.270000000000000000e+03
5.400000000000000000e+03 8.167000000000000000e+03 8.245000000000000000e+03 8.677000000000000000e+03 8.536000000000000000e+03 7.735000000000000000e+03 8.256000000000000000e+03
5.450000000000000000e+03 8.163000000000000000e+03 8.246000000000000000e+03 8.674000000000000000e+03 8.517000000000000000e+03 7.719000000000000000e+03 8.289000000000000000e+03
5.500000000000000000e+03 8.165000000000000000e+03 8.235000000000000000e+03 8.668000000000000000e+03 8.489000000000000000e+03 7.741000000000000000e+03 8.263000000000000000e+03
5.550000000000000000e+03 8.138000000000000000e+03 8.228000000000000000e+03 8.658000000000000000e+03 8.536000000000000000e+03 7.697000000000000000e+03 8.270000000000000000e+03
5.600000000000000000e+03 8.156000000000000000e+03 8.237000000000000000e+03 8.682000000000000000e+03 8.519000000000000000e+03 7.711000000000000000e+03 8.287000000000000000e+03
5.650000000000000000e+03 8.146000000000000000e+03 8.221000000000000000e+03 8.666000000000000000e+03 8.526000000000000000e+03 7.722000000000000000e+03 8.258000000000000000e+03
5.700000000000000000e+03 8.174000000000000000e+03 8.238000000000000000e+03 8.691000000000000000e+03 8.494000000000000000e+03 7.757000000000000000e+03 8.239000000000000000e+03
5.750000000000000000e+03 8.161000000000000000e+03 8.225000000000000000e+03 8.673000000000000000e+03 8.535000000000000000e+03 7.705000000000000000e+03 8.283000000000000000e+03
5.800000000000000000e+03 8.160000000000000000e+03 8.243000000000000000e+03 8.682000000000000000e+03 8.517000000000000000e+03 7.774000000000000000e+03 8.249000000000000000e+03
5.850000000000000000e+03 8.189000000000000000e+03 8.253000000000000000e+03 8.712000000000000000e+03 8.511000000000000000e+03 7.814000000000000000e+03 8.274000000000000000e+03
5.900000000000000000e+03 8.168000000000000000e+03 8.228000000000000000e+03 8.685000000000000000e+03 8.526000000000000000e+03 7.790000000000000000e+03 8.283000000000000000e+03
5.950000000000000000e+03 8.169000000000000000e+03 8.231000000000000000e+03 8.704000000000000000e+03 8.497000000000000000e+03 7.799000000000000000e+03 8.243000000000000000e+03
6.000000000000000000e+03 8.166000000000000000e+03 8.221000000000000000e+03 8.731000000000000000e+03 8.531000000000000000e+03 7.811000000000000000e+03 8.272000000000000000e+03
6.050000000000000000e+03 8.181000000000000000e+03 8.242000000000000000e+03 8.723000000000000000e+03 8.521000000000000000e+03 7.857000000000000000e+03 8.265000000000000000e+03
6.100000000000000000e+03 8.202000000000000000e+03 8.243000000000000000e+03 8.740000000000000000e+03 8.527000000000000000e+03 7.875000000000000000e+03 8.270000000000000000e+03
6.150000000000000000e+03 8.212000000000000000e+03 8.219000000000000000e+03 8.766000000000000000e+03 8.545000000000000000e+03 7.892000000000000000e+03 8.253000000000000000e+03
6.200000000000000000e+03 8.194000000000000000e+03 8.237000000000000000e+03 8.756000000000000000e+03 8.513000000000000000e+03 7.893000000000000000e+03 8.262000000000000000e+03
6.250000000000000000e+03 8.189000000000000000e+03 8.206000000000000000e+03 8.760000000000000000e+03 8.540000000000000000e+03 7.874000000000000000e+03 8.299000000000000000e+03
6.300000000000000000e+03 8.197000000000000000e+03 8.226000000000000000e+03 8.766000000000000000e+03 8.531000000000000000e+03 7.876000000000000000e+03 8.266000000000000000e+03
6.350000000000000000e+03 8.186000000000000000e+03 8.228000000000000000e+03 8.745000000000000000e+03 8.545000000000000000e+03 7.879000000000000000e+03 8.268000000000000000e+03
6.400000000000000000e+03 8.179000000000000000e+03 8.225000000000000000e+03 8.713000000000000000e+03 8.544000000000000000e+03 7.868000000000000000e+03 8.251000000000000000e+03
6.450000000000000000e+03 8.189000000000000000e+03 8.219000000000000000e+03 8.728000000000000000e+03 8.582000000000000000e+03 7.879000000000000000e+03 8.253000000000000000e+03
6.500000000000000000e+03 8.206000000000000000e+03 8.217000000000000000e+03 8.772000000000000000e+03 8.592000000000000000e+03 7.869000000000000000e+03 8.259000000000000000e+03
6.550000000000000000e+03 8.193000000000000000e+03 8.226000000000000000e+03 8.774000000000000000e+03 8.581000000000000000e+03 7.890000000000000000e+03 8.227000000000000000e+03
6.600000000000000000e+03 8.191000000000000000e+03 8.215000000000000000e+03 8.757000000000000000e+03 8.605000000000000000e+03 7.851000000000000000e+03 8.237000000000000000e+03
6.650000000000000000e+03 8.198000000000000000e+03 8.205000000000000000e+03 8.761000000000000000e+03 8.590000000000000000e+03 7.868000000000000000e+03 8.245000000000000000e+03
6.700000000000000000e+03 8.181000000000000000e+03 8.221000000000000000e+03 8.725000000000000000e+03 8.558000000000000000e+03 7.883000000000000000e+03 8.258000000000000000e+03
6.750000000000000000e+03 8.195000000000000000e+03 8.231000000000000000e+03 8.728000000000000000e+03 8.541000000000000000e+03 7.898000000000000000e+03 8.259000000000000000e+03
6.800000000000000000e+03 8.177000000000000000e+03 8.216000000000000000e+03 8.704000000000000000e+03 8.573000000000000000e+03 7.851000000000000000e+03 8.264000000000000000e+03
6.850000000000000000e+03 8.176000000000000000e+03 8.231000000000000000e+03 8.712000000000000000e+03 8.544000000000000000e+03 7.894000000000000000e+03 8.281000000000000000e+03
6.900000000000000000e+03 8.163000000000000000e+03 8.216000000000000000e+03 8.663000000000000000e+03 8.567000000000000000e+03 7.813000000000000000e+03 8.325000000000000000e+03
6.950000000000000000e+03 8.186000000000000000e+03 8.242000000000000000e+03 8.608000000000000000e+03 8.457000000000000000e+03 8.019000000000000000e+03 8.331000000000000000e+03
7.000000000000000000e+03 8.215000000000000000e+03 8.237000000000000000e+03 8.710000000000000000e+03 8.585000000000000000e+03 8.040000000000000000e+03 8.260000000000000000e+03
7.050000000000000000e+03 8.167000000000000000e+03 8.235000000000000000e+03 8.577000000000000000e+03 8.479000000000000000e+03 7.987000000000000000e+03 8.339000000000000000e+03
7.100000000000000000e+03 8.176000000000000000e+03 8.219000000000000000e+03 8.614000000000000000e+03 8.563000000000000000e+03 8.027000000000000000e+03 8.297000000000000000e+03
7.150000000000000000e+03 8.190000000000000000e+03 8.236000000000000000e+03 8.609000000000000000e+03 8.509000000000000000e+03 8.052000000000000000e+03 8.314000000000000000e+03
7.200000000000000000e+03 8.181000000000000000e+03 8.253000000000000000e+03 8.604000000000000000e+03 8.463000000000000000e+03 8.041000000000000000e+03 8.301000000000000000e+03
7.250000000000000000e+03 8.180000000000000000e+03 8.251000000000000000e+03 8.589000000000000000e+03 8.451000000000000000e+03 8.058000000000000000e+03 8.311000000000000000e+03
7.300000000000000000e+03 8.187000000000000000e+03 8.245000000000000000e+03 8.592000000000000000e+03 8.453000000000000000e+03 8.052000000000000000e+03 8.306000000000000000e+03
7.350000000000000000e+03 8.179000000000000000e+03 8.235000000000000000e+03 8.605000000000000000e+03 8.435000000000000000e+03 8.068000000000000000e+03 8.320000000000000000e+03
7.400000000000000000e+03 8.176000000000000000e+03 8.246000000000000000e+03 8.583000000000000000e+03 8.392000000000000000e+03 8.065000000000000000e+03 8.345000000000000000e+03
7.450000000000000000e+03 8.177000000000000000e+03 8.248000000000000000e+03 8.587000000000000000e+03 8.357000000000000000e+03 8.072000000000000000e+03 8.356000000000000000e+03
7.500000000000000000e+03 8.177000000000000000e+03 8.255000000000000000e+03 8.577000000000000000e+03 8.301000000000000000e+03 8.113000000000000000e+03 8.360000000000000000e+03
7.550000000000000000e+03 8.162000000000000000e+03 8.248000000000000000e+03 8.563000000000000000e+03 8.265000000000000000e+03 8.131000000000000000e+03 8.370000000000000000e+03
7.600000000000000000e+03 8.176000000000000000e+03 8.251000000000000000e+03 8.582000000000000000e+03 8.289000000000000000e+03 8.112000000000000000e+03 8.452000000000000000e+03
7.650000000000000000e+03 8.195000000000000000e+03 8.251000000000000000e+03 8.604000000000000000e+03 8.329000000000000000e+03 8.098000000000000000e+03 8.341000000000000000e+03
7.700000000000000000e+03 8.169000000000000000e+03 8.242000000000000000e+03 8.546000000000000000e+03 8.242000000000000000e+03 8.069000000000000000e+03 8.512000000000000000e+03
7.750000000000000000e+03 8.163000000000000000e+03 8.239000000000000000e+03 8.555000000000000000e+03 8.305000000000000000e+03 8.006000000000000000e+03 8.549000000000000000e+03
7.800000000000000000e+03 8.170000000000000000e+03 8.265000000000000000e+03 8.586000000000000000e+03 8.382000000000000000e+03 8.087000000000000000e+03 8.226000000000000000e+03
7.850000000000000000e+03 8.179000000000000000e+03 8.239000000000000000e+03 8.570000000000000000e+03 8.359000000000000000e+03 8.002000000000000000e+03 8.424000000000000000e+03
7.900000000000000000e+03 8.175000000000000000e+03 8.263000000000000000e+03 8.570000000000000000e+03 8.291000000000000000e+03 8.020000000000000000e+03 8.360000000000000000e+03
7.950000000000000000e+03 8.182000000000000000e+03 8.282000000000000000e+03 8.596000000000000000e+03 8.250000000000000000e+03 8.109000000000000000e+03 8.241000000000000000e+03
8.000000000000000000e+03 8.187000000000000000e+03 8.262000000000000000e+03 8.586000000000000000e+03 8.263000000000000000e+03 8.188000000000000000e+03 8.240000000000000000e+03
8.050000000000000000e+03 8.197000000000000000e+03 8.250000000000000000e+03 8.590000000000000000e+03 8.302000000000000000e+03 8.241000000000000000e+03 8.175000000000000000e+03
8.100000000000000000e+03 8.196000000000000000e+03 8.256000000000000000e+03 8.611000000000000000e+03 8.334000000000000000e+03 8.244000000000000000e+03 8.168000000000000000e+03
8.150000000000000000e+03 8.168000000000000000e+03 8.275000000000000000e+03 8.633000000000000000e+03 8.385000000000000000e+03 8.227000000000000000e+03 8.085000000000000000e+03
8.200000000000000000e+03 8.166000000000000000e+03 8.264000000000000000e+03 8.600000000000000000e+03 8.415000000000000000e+03 8.171000000000000000e+03 8.294000000000000000e+03
8.250000000000000000e+03 8.199000000000000000e+03 8.256000000000000000e+03 8.625000000000000000e+03 8.411000000000000000e+03 8.076000000000000000e+03 8.116000000000000000e+03
8.300000000000000000e+03 8.193000000000000000e+03 8.238000000000000000e+03 8.604000000000000000e+03 8.350000000000000000e+03 8.048000000000000000e+03 8.328000000000000000e+03
8.350000000000000000e+03 8.168000000000000000e+03 8.259000000000000000e+03 8.599000000000000000e+03 8.282000000000000000e+03 8.103000000000000000e+03 8.305000000000000000e+03
8.400000000000000000e+03 8.188000000000000000e+03 8.299000000000000000e+03 8.541000000000000000e+03 8.199000000000000000e+03 8.199000000000000000e+03 8.334000000000000000e+03
8.450000000000000000e+03 8.216000000000000000e+03 8.253000000000000000e+03 8.573000000000000000e+03 8.342000000000000000e+03 8.283000000000000000e+03 8.313000000000000000e+03
8.500000000000000000e+03 8.198000000000000000e+03 8.243000000000000000e+03 8.623000000000000000e+03 8.358000000000000000e+03 8.368000000000000000e+03 8.336000000000000000e+03
8.550000000000000000e+03 8.206000000000000000e+03 8.238000000000000000e+03 8.608000000000000000e+03 8.362000000000000000e+03 8.261000000000000000e+03 8.354000000000000000e+03
8.600000000000000000e+03 8.178000000000000000e+03 8.259000000000000000e+03 8.583000000000000000e+03 8.289000000000000000e+03 8.210000000000000000e+03 8.348000000000000000e+03
8.650000000000000000e+03 8.186000000000000000e+03 8.252000000000000000e+03 8.546000000000000000e+03 8.280000000000000000e+03 8.107000000000000000e+03 8.475000000000000000e+03
8.700000000000000000e+03 8.152000000000000000e+03 8.242000000000000000e+03 8.556000000000000000e+03 8.297000000000000000e+03 8.018000000000000000e+03 8.584000000000000000e+03
8.750000000000000000e+03 8.167000000000000000e+03 8.242000000000000000e+03 8.540000000000000000e+03 8.411000000000000000e+03 7.896000000000000000e+03 8.585000000000000000e+03
8.800000000000000000e+03 8.157000000000000000e+03 8.233000000000000000e+03 8.574000000000000000e+03 8.443000000000000000e+03 7.925000000000000000e+03 8.483000000000000000e+03
8.850000000000000000e+03 8.170000000000000000e+03 8.252000000000000000e+03 8.579000000000000000e+03 8.435000000000000000e+03 8.013000000000000000e+03 8.387000000000000000e+03
8.900000000000000000e+03 8.196000000000000000e+03 8.263000000000000000e+03 8.610000000000000000e+03 8.427000000000000000e+03 8.111000000000000000e+03 8.168000000000000000e+03
8.950000000000000000e+03 8.199000000000000000e+03 8.254000000000000000e+03 8.608000000000000000e+03 8.388000000000000000e+03 8.140000000000000000e+03 8.210000000000000000e+03
9.000000000000000000e+03 8.200000000000000000e+03 8.245000000000000000e+03 8.602000000000000000e+03 8.341000000000000000e+03 8.223000000000000000e+03 8.245000000000000000e+03
9.050000000000000000e+03 8.162000000000000000e+03 8.263000000000000000e+03 8.604000000000000000e+03 8.310000000000000000e+03 8.222000000000000000e+03 8.286000000000000000e+03
9.100000000000000000e+03 8.156000000000000000e+03 8.261000000000000000e+03 8.642000000000000000e+03 8.292000000000000000e+03 8.184000000000000000e+03 8.290000000000000000e+03
9.150000000000000000e+03 8.155000000000000000e+03 8.255000000000000000e+03 8.586000000000000000e+03 8.274000000000000000e+03 8.137000000000000000e+03 8.525000000000000000e+03
9.200000000000000000e+03 8.064000000000000000e+03 8.234000000000000000e+03 8.574000000000000000e+03 8.302000000000000000e+03 7.910000000000000000e+03 8.604000000000000000e+03
9.250000000000000000e+03 8.131000000000000000e+03 8.212000000000000000e+03 8.573000000000000000e+03 8.408000000000000000e+03 7.902000000000000000e+03 8.482000000000000000e+03
9.300000000000000000e+03 8.126000000000000000e+03 8.217000000000000000e+03 8.546000000000000000e+03 8.372000000000000000e+03 7.915000000000000000e+03 8.619000000000000000e+03
9.350000000000000000e+03 8.128000000000000000e+03 8.187000000000000000e+03 8.521000000000000000e+03 8.498000000000000000e+03 7.919000000000000000e+03 8.524000000000000000e+03
9.400000000000000000e+03 8.167000000000000000e+03 8.212000000000000000e+03 8.580000000000000000e+03 8.462000000000000000e+03 8.090000000000000000e+03 8.249000000000000000e+03
9.450000000000000000e+03 8.139000000000000000e+03 8.176000000000000000e+03 8.515000000000000000e+03 8.430000000000000000e+03 8.039000000000000000e+03 8.394000000000000000e+03
9.500000000000000000e+03 8.123000000000000000e+03 8.135000000000000000e+03 8.555000000000000000e+03 8.548000000000000000e+03 7.985000000000000000e+03 8.242000000000000000e+03
9.550000000000000000e+03 8.138000000000000000e+03 8.151000000000000000e+03 8.551000000000000000e+03 8.466000000000000000e+03 8.051000000000000000e+03 8.264000000000000000e+03
9.600000000000000000e+03 8.148000000000000000e+03 8.175000000000000000e+03 8.511000000000000000e+03 8.385000000000000000e+03 8.084000000000000000e+03 8.315000000000000000e+03
9.650000000000000000e+03 8.174000000000000000e+03 8.238000000000000000e+03 8.501000000000000000e+03 8.299000000000000000e+03 8.185000000000000000e+03 8.229000000000000000e+03
9.700000000000000000e+03 8.190000000000000000e+03 8.256000000000000000e+03 8.549000000000000000e+03 8.257000000000000000e+03 8.229000000000000000e+03 8.176000000000000000e+03
9.750000000000000000e+03 8.154000000000000000e+03 8.216000000000000000e+03 8.582000000000000000e+03 8.288000000000000000e+03 8.189000000000000000e+03 8.253000000000000000e+03
9.800000000000000000e+03 8.121000000000000000e+03 8.230000000000000000e+03 8.559000000000000000e+03 8.447000000000000000e+03 8.005000000000000000e+03 8.309000000000000000e+03
9.850000000000000000e+03 8.162000000000000000e+03 8.242000000000000000e+03 8.671000000000000000e+03 8.288000000000000000e+03 8.276000000000000000e+03 8.338000000000000000e+03
9.900000000000000000e+03 8.084000000000000000e+03 8.246000000000000000e+03 8.610000000000000000e+03 8.324000000000000000e+03 8.076000000000000000e+03 8.530000000000000000e+03
