0.000000000000000000e+00 8.168000000000000000e+03 8.251000000000000000e+03 8.561000000000000000e+03 8.312000000000000000e+03 8.042000000000000000e+03 8.376000000000000000e+03
5.000000000000000000e+01 8.182000000000000000e+03 8.264000000000000000e+03 8.561000000000000000e+03 8.275000000000000000e+03 8.095000000000000000e+03 8.363000000000000000e+03
1.000000000000000000e+02 8.180000000000000000e+03 8.246000000000000000e+03 8.563000000000000000e+03 8.285000000000000000e+03 8.095000000000000000e+03 8.350000000000000000e+03
1.500000000000000000e+02 8.177000000000000000e+03 8.253000000000000000e+03 8.561000000000000000e+03 8.287000000000000000e+03 8.083000000000000000e+03 8.347000000000000000e+03
2.000000000000000000e+02 8.178000000000000000e+03 8.254000000000000000e+03 8.554000000000000000e+03 8.282000000000000000e+03 8.090000000000000000e+03 8.323000000000000000e+03
2.500000000000000000e+02 8.176000000000000000e+03 8.256000000000000000e+03 8.553000000000000000e+03 8.278000000000000000e+03 8.098000000000000000e+03 8.323000000000000000e+03
3.000000000000000000e+02 8.185000000000000000e+03 8.254000000000000000e+03 8.552000000000000000e+03 8.276000000000000000e+03 8.093000000000000000e+03 8.330000000000000000e+03
3.500000000000000000e+02 8.173000000000000000e+03 8.256000000000000000e+03 8.554000000000000000e+03 8.278000000000000000e+03 8.091000000000000000e+03 8.326000000000000000e+03
4.000000000000000000e+02 8.176000000000000000e+03 8.254000000000000000e+03 8.553000000000000000e+03 8.280000000000000000e+03 8.092000000000000000e+03 8.325000000000000000e+03
4.500000000000000000e+02 8.182000000000000000e+03 8.253000000000000000e+03 8.553000000000000000e+03 8.274000000000000000e+03 8.090000000000000000e+03 8.337000000000000000e+03
5.000000000000000000e+02 8.184000000000000000e+03 8.249000000000000000e+03 8.552000000000000000e+03 8.278000000000000000e+03 8.089000000000000000e+03 8.325000000000000000e+03
5.500000000000000000e+02 8.179000000000000000e+03 8.257000000000000000e+03 8.553000000000000000e+03 8.276000000000000000e+03 8.092000000000000000e+03 8.330000000000000000e+03
6.000000000000000000e+02 8.185000000000000000e+03 8.253000000000000000e+03 8.555000000000000000e+03 8.276000000000000000e+03 8.092000000000000000e+03 8.324000000000000000e+03
6.500000000000000000e+02 8.177000000000000000e+03 8.253000000000000000e+03 8.549000000000000000e+03 8.271000000000000000e+03 8.076000000000000000e+03 8.320000000000000000e+03
7.000000000000000000e+02 8.170000000000000000e+03 8.258000000000000000e+03 8.553000000000000000e+03 8.287000000000000000e+03 8.051000000000000000e+03 8.329000000000000000e+03
7.500000000000000000e+02 8.158000000000000000e+03 8.263000000000000000e+03 8.543000000000000000e+03 8.285000000000000000e+03 8.028000000000000000e+03 8.333000000000000000e+03
8.000000000000000000e+02 8.160000000000000000e+03 8.247000000000000000e+03 8.549000000000000000e+03 8.301000000000000000e+03 8.017000000000000000e+03 8.348000000000000000e+03
8.500000000000000000e+02 8.166000000000000000e+03 8.254000000000000000e+03 8.545000000000000000e+03 8.301000000000000000e+03 8.017000000000000000e+03 8.332000000000000000e+03
9.000000000000000000e+02 8.159000000000000000e+03 8.245000000000000000e+03 8.542000000000000000e+03 8.309000000000000000e+03 8.000000000000000000e+03 8.317000000000000000e+03
9.500000000000000000e+02 8.154000000000000000e+03 8.242000000000000000e+03 8.552000000000000000e+03 8.324000000000000000e+03 7.991000000000000000e+03 8.312000000000000000e+03
1.000000000000000000e+03 8.153000000000000000e+03 8.229000000000000000e+03 8.558000000000000000e+03 8.351000000000000000e+03 7.967000000000000000e+03 8.322000000000000000e+03
1.050000000000000000e+03 8.153000000000000000e+03 8.236000000000000000e+03 8.558000000000000000e+03 8.363000000000000000e+03 7.941000000000000000e+03 8.331000000000000000e+03
1.100000000000000000e+03 8.146000000000000000e+03 8.251000000000000000e+03 8.553000000000000000e+03 8.354000000000000000e+03 7.933000000000000000e+03 8.307000000000000000e+03
1.150000000000000000e+03 8.144000000000000000e+03 8.232000000000000000e+03 8.552000000000000000e+03 8.395000000000000000e+03 7.891000000000000000e+03 8.315000000000000000e+03
1.200000000000000000e+03 8.142000000000000000e+03 8.236000000000000000e+03 8.552000000000000000e+03 8.367000000000000000e+03 7.905000000000000000e+03 8.295000000000000000e+03
1.250000000000000000e+03 8.135000000000000000e+03 8.245000000000000000e+03 8.548000000000000000e+03 8.401000000000000000e+03 7.861000000000000000e+03 8.290000000000000000e+03
1.300000000000000000e+03 8.136000000000000000e+03 8.233000000000000000e+03 8.551000000000000000e+03 8.398000000000000000e+03 7.861000000000000000e+03 8.281000000000000000e+03
1.350000000000000000e+03 8.138000000000000000e+03 8.230000000000000000e+03 8.560000000000000000e+03 8.423000000000000000e+03 7.851000000000000000e+03 8.279000000000000000e+03
1.400000000000000000e+03 8.130000000000000000e+03 8.228000000000000000e+03 8.547000000000000000e+03 8.429000000000000000e+03 7.791000000000000000e+03 8.295000000000000000e+03
1.450000000000000000e+03 8.126000000000000000e+03 8.228000000000000000e+03 8.541000000000000000e+03 8.427000000000000000e+03 7.795000000000000000e+03 8.255000000000000000e+03
1.500000000000000000e+03 8.127000000000000000e+03 8.216000000000000000e+03 8.551000000000000000e+03 8.433000000000000000e+03 7.796000000000000000e+03 8.314000000000000000e+03
1.550000000000000000e+03 8.135000000000000000e+03 8.232000000000000000e+03 8.557000000000000000e+03 8.433000000000000000e+03 7.829000000000000000e+03 8.291000000000000000e+03
1.600000000000000000e+03 8.130000000000000000e+03 8.231000000000000000e+03 8.563000000000000000e+03 8.438000000000000000e+03 7.787000000000000000e+03 8.242000000000000000e+03
1.650000000000000000e+03 8.126000000000000000e+03 8.241000000000000000e+03 8.559000000000000000e+03 8.430000000000000000e+03 7.774000000000000000e+03 8.253000000000000000e+03
1.700000000000000000e+03 8.119000000000000000e+03 8.247000000000000000e+03 8.557000000000000000e+03 8.449000000000000000e+03 7.737000000000000000e+03 8.240000000000000000e+03
1.750000000000000000e+03 8.128000000000000000e+03 8.225000000000000000e+03 8.562000000000000000e+03 8.469000000000000000e+03 7.765000000000000000e+03 8.267000000000000000e+03
1.800000000000000000e+03 8.125000000000000000e+03 8.227000000000000000e+03 8.563000000000000000e+03 8.470000000000000000e+03 7.716000000000000000e+03 8.205000000000000000e+03
1.850000000000000000e+03 8.129000000000000000e+03 8.231000000000000000e+03 8.550000000000000000e+03 8.475000000000000000e+03 7.710000000000000000e+03 8.235000000000000000e+03
1.900000000000000000e+03 8.129000000000000000e+03 8.227000000000000000e+03 8.565000000000000000e+03 8.501000000000000000e+03 7.685000000000000000e+03 8.197000000000000000e+03
1.950000000000000000e+03 8.130000000000000000e+03 8.220000000000000000e+03 8.550000000000000000e+03 8.488000000000000000e+03 7.701000000000000000e+03 8.193000000000000000e+03
2.000000000000000000e+03 8.128000000000000000e+03 8.239000000000000000e+03 8.557000000000000000e+03 8.422000000000000000e+03 7.758000000000000000e+03 8.196000000000000000e+03
2.050000000000000000e+03 8.118000000000000000e+03 8.220000000000000000e+03 8.555000000000000000e+03 8.497000000000000000e+03 7.693000000000000000e+03 8.242000000000000000e+03
2.100000000000000000e+03 8.125000000000000000e+03 8.222000000000000000e+03 8.560000000000000000e+03 8.482000000000000000e+03 7.693000000000000000e+03 8.250000000000000000e+03
2.150000000000000000e+03 8.118000000000000000e+03 8.262000000000000000e+03 8.531000000000000000e+03 8.401000000000000000e+03 7.703000000000000000e+03 8.192000000000000000e+03
2.200000000000000000e+03 8.137000000000000000e+03 8.238000000000000000e+03 8.573000000000000000e+03 8.450000000000000000e+03 7.720000000000000000e+03 8.159000000000000000e+03
2.250000000000000000e+03 8.137000000000000000e+03 8.242000000000000000e+03 8.551000000000000000e+03 8.439000000000000000e+03 7.737000000000000000e+03 8.208000000000000000e+03
2.300000000000000000e+03 8.150000000000000000e+03 8.232000000000000000e+03 8.567000000000000000e+03 8.452000000000000000e+03 7.752000000000000000e+03 8.168000000000000000e+03
2.350000000000000000e+03 8.147000000000000000e+03 8.250000000000000000e+03 8.559000000000000000e+03 8.424000000000000000e+03 7.756000000000000000e+03 8.173000000000000000e+03
2.400000000000000000e+03 8.154000000000000000e+03 8.231000000000000000e+03 8.587000000000000000e+03 8.465000000000000000e+03 7.748000000000000000e+03 8.174000000000000000e+03
2.450000000000000000e+03 8.142000000000000000e+03 8.229000000000000000e+03 8.575000000000000000e+03 8.458000000000000000e+03 7.752000000000000000e+03 8.174000000000000000e+03
2.500000000000000000e+03 8.148000000000000000e+03 8.236000000000000000e+03 8.567000000000000000e+03 8.433000000000000000e+03 7.749000000000000000e+03 8.147000000000000000e+03
2.550000000000000000e+03 8.139000000000000000e+03 8.236000000000000000e+03 8.568000000000000000e+03 8.436000000000000000e+03 7.743000000000000000e+03 8.186000000000000000e+03
2.600000000000000000e+03 8.142000000000000000e+03 8.221000000000000000e+03 8.585000000000000000e+03 8.471000000000000000e+03 7.724000000000000000e+03 8.219000000000000000e+03
2.650000000000000000e+03 8.142000000000000000e+03 8.227000000000000000e+03 8.585000000000000000e+03 8.446000000000000000e+03 7.734000000000000000e+03 8.247000000000000000e+03
2.700000000000000000e+03 8.144000000000000000e+03 8.236000000000000000e+03 8.572000000000000000e+03 8.421000000000000000e+03 7.762000000000000000e+03 8.187000000000000000e+03
2.750000000000000000e+03 8.154000000000000000e+03 8.237000000000000000e+03 8.574000000000000000e+03 8.417000000000000000e+03 7.792000000000000000e+03 8.185000000000000000e+03
2.800000000000000000e+03 8.161000000000000000e+03 8.234000000000000000e+03 8.592000000000000000e+03 8.450000000000000000e+03 7.782000000000000000e+03 8.185000000000000000e+03
2.850000000000000000e+03 8.172000000000000000e+03 8.231000000000000000e+03 8.608000000000000000e+03 8.433000000000000000e+03 7.793000000000000000e+03 8.227000000000000000e+03
2.900000000000000000e+03 8.164000000000000000e+03 8.220000000000000000e+03 8.640000000000000000e+03 8.469000000000000000e+03 7.774000000000000000e+03 8.170000000000000000e+03
2.950000000000000000e+03 8.169000000000000000e+03 8.248000000000000000e+03 8.638000000000000000e+03 8.428000000000000000e+03 7.785000000000000000e+03 8.239000000000000000e+03
3.000000000000000000e+03 8.189000000000000000e+03 8.215000000000000000e+03 8.685000000000000000e+03 8.505000000000000000e+03 7.800000000000000000e+03 8.216000000000000000e+03
3.050000000000000000e+03 8.193000000000000000e+03 8.213000000000000000e+03 8.687000000000000000e+03 8.495000000000000000e+03 7.828000000000000000e+03 8.223000000000000000e+03
3.100000000000000000e+03 8.178000000000000000e+03 8.216000000000000000e+03 8.700000000000000000e+03 8.483000000000000000e+03 7.799000000000000000e+03 8.240000000000000000e+03
3.150000000000000000e+03 8.188000000000000000e+03 8.202000000000000000e+03 8.731000000000000000e+03 8.571000000000000000e+03 7.799000000000000000e+03 8.209000000000000000e+03
3.200000000000000000e+03 8.207000000000000000e+03 8.242000000000000000e+03 8.720000000000000000e+03 8.457000000000000000e+03 7.824000000000000000e+03 8.186000000000000000e+03
3.250000000000000000e+03 8.167000000000000000e+03 8.211000000000000000e+03 8.687000000000000000e+03 8.520000000000000000e+03 7.775000000000000000e+03 8.245000000000000000e+03
3.300000000000000000e+03 8.170000000000000000e+03 8.234000000000000000e+03 8.610000000000000000e+03 8.471000000000000000e+03 7.789000000000000000e+03 8.214000000000000000e+03
3.350000000000000000e+03 8.175000000000000000e+03 8.215000000000000000e+03 8.706000000000000000e+03 8.499000000000000000e+03 7.795000000000000000e+03 8.232000000000000000e+03
3.400000000000000000e+03 8.177000000000000000e+03 8.230000000000000000e+03 8.681000000000000000e+03 8.459000000000000000e+03 7.850000000000000000e+03 8.238000000000000000e+03
3.450000000000000000e+03 8.172000000000000000e+03 8.222000000000000000e+03 8.641000000000000000e+03 8.482000000000000000e+03 7.821000000000000000e+03 8.232000000000000000e+03
3.500000000000000000e+03 8.176000000000000000e+03 8.230000000000000000e+03 8.671000000000000000e+03 8.485000000000000000e+03 7.826000000000000000e+03 8.234000000000000000e+03
3.550000000000000000e+03 8.175000000000000000e+03 8.223000000000000000e+03 8.671000000000000000e+03 8.469000000000000000e+03 7.835000000000000000e+03 8.223000000000000000e+03
3.600000000000000000e+03 8.179000000000000000e+03 8.216000000000000000e+03 8.658000000000000000e+03 8.471000000000000000e+03 7.832000000000000000e+03 8.241000000000000000e+03
3.650000000000000000e+03 8.173000000000000000e+03 8.231000000000000000e+03 8.654000000000000000e+03 8.472000000000000000e+03 7.828000000000000000e+03 8.227000000000000000e+03
3.700000000000000000e+03 8.180000000000000000e+03 8.227000000000000000e+03 8.670000000000000000e+03 8.475000000000000000e+03 7.843000000000000000e+03 8.231000000000000000e+03
3.750000000000000000e+03 8.184000000000000000e+03 8.230000000000000000e+03 8.665000000000000000e+03 8.475000000000000000e+03 7.848000000000000000e+03 8.235000000000000000e+03
3.800000000000000000e+03 8.179000000000000000e+03 8.221000000000000000e+03 8.657000000000000000e+03 8.470000000000000000e+03 7.833000000000000000e+03 8.233000000000000000e+03
3.850000000000000000e+03 8.175000000000000000e+03 8.236000000000000000e+03 8.656000000000000000e+03 8.464000000000000000e+03 7.846000000000000000e+03 8.227000000000000000e+03
3.900000000000000000e+03 8.179000000000000000e+03 8.222000000000000000e+03 8.657000000000000000e+03 8.473000000000000000e+03 7.842000000000000000e+03 8.230000000000000000e+03
3.950000000000000000e+03 8.179000000000000000e+03 8.224000000000000000e+03 8.660000000000000000e+03 8.473000000000000000e+03 7.838000000000000000e+03 8.232000000000000000e+03
4.000000000000000000e+03 8.177000000000000000e+03 8.233000000000000000e+03 8.655000000000000000e+03 8.465000000000000000e+03 7.842000000000000000e+03 8.246000000000000000e+03
4.050000000000000000e+03 8.184000000000000000e+03 8.239000000000000000e+03 8.658000000000000000e+03 8.466000000000000000e+03 7.849000000000000000e+03 8.236000000000000000e+03
4.100000000000000000e+03 8.173000000000000000e+03 8.245000000000000000e+03 8.663000000000000000e+03 8.472000000000000000e+03 7.847000000000000000e+03 8.236000000000000000e+03
4.150000000000000000e+03 8.177000000000000000e+03 8.230000000000000000e+03 8.654000000000000000e+03 8.471000000000000000e+03 7.841000000000000000e+03 8.250000000000000000e+03
4.200000000000000000e+03 8.180000000000000000e+03 8.224000000000000000e+03 8.653000000000000000e+03 8.463000000000000000e+03 7.853000000000000000e+03 8.221000000000000000e+03
4.250000000000000000e+03 8.180000000000000000e+03 8.230000000000000000e+03 8.654000000000000000e+03 8.463000000000000000e+03 7.852000000000000000e+03 8.224000000000000000e+03
4.300000000000000000e+03 8.180000000000000000e+03 8.231000000000000000e+03 8.651000000000000000e+03 8.466000000000000000e+03 7.847000000000000000e+03 8.235000000000000000e+03
4.350000000000000000e+03 8.183000000000000000e+03 8.224000000000000000e+03 8.649000000000000000e+03 8.464000000000000000e+03 7.852000000000000000e+03 8.209000000000000000e+03
4.400000000000000000e+03 8.183000000000000000e+03 8.214000000000000000e+03 8.656000000000000000e+03 8.460000000000000000e+03 7.864000000000000000e+03 8.239000000000000000e+03
4.450000000000000000e+03 8.174000000000000000e+03 8.221000000000000000e+03 8.655000000000000000e+03 8.465000000000000000e+03 7.852000000000000000e+03 8.223000000000000000e+03
4.500000000000000000e+03 8.179000000000000000e+03 8.222000000000000000e+03 8.651000000000000000e+03 8.467000000000000000e+03 7.848000000000000000e+03 8.235000000000000000e+03
4.550000000000000000e+03 8.181000000000000000e+03 8.226000000000000000e+03 8.657000000000000000e+03 8.458000000000000000e+03 7.865000000000000000e+03 8.242000000000000000e+03
4.600000000000000000e+03 8.186000000000000000e+03 8.228000000000000000e+03 8.654000000000000000e+03 8.462000000000000000e+03 7.864000000000000000e+03 8.246000000000000000e+03
4.650000000000000000e+03 8.173000000000000000e+03 8.224000000000000000e+03 8.654000000000000000e+03 8.464000000000000000e+03 7.857000000000000000e+03 8.221000000000000000e+03
4.700000000000000000e+03 8.182000000000000000e+03 8.228000000000000000e+03 8.650000000000000000e+03 8.464000000000000000e+03 7.858000000000000000e+03 8.229000000000000000e+03
4.750000000000000000e+03 8.188000000000000000e+03 8.223000000000000000e+03 8.654000000000000000e+03 8.459000000000000000e+03 7.865000000000000000e+03 8.251000000000000000e+03
4.800000000000000000e+03 8.179000000000000000e+03 8.228000000000000000e+03 8.649000000000000000e+03 8.462000000000000000e+03 7.858000000000000000e+03 8.234000000000000000e+03
4.850000000000000000e+03 8.177000000000000000e+03 8.229000000000000000e+03 8.650000000000000000e+03 8.463000000000000000e+03 7.863000000000000000e+03 8.239000000000000000e+03
4.900000000000000000e+03 8.181000000000000000e+03 8.226000000000000000e+03 8.651000000000000000e+03 8.460000000000000000e+03 7.866000000000000000e+03 8.250000000000000000e+03
4.950000000000000000e+03 8.179000000000000000e+03 8.226000000000000000e+03 8.652000000000000000e+03 8.461000000000000000e+03 7.864000000000000000e+03 8.236000000000000000e+03
5.000000000000000000e+03 8.177000000000000000e+03 8.231000000000000000e+03 8.655000000000000000e+03 8.457000000000000000e+03 7.869000000000000000e+03 8.234000000000000000e+03
5.050000000000000000e+03 8.180000000000000000e+03 8.234000000000000000e+03 8.654000000000000000e+03 8.460000000000000000e+03 7.865000000000000000e+03 8.237000000000000000e+03
5.100000000000000000e+03 8.170000000000000000e+03 8.222000000000000000e+03 8.657000000000000000e+03 8.465000000000000000e+03 7.858000000000000000e+03 8.249000000000000000e+03
5.150000000000000000e+03 8.169000000000000000e+03 8.225000000000000000e+03 8.665000000000000000e+03 8.475000000000000000e+03 7.854000000000000000e+03 8.238000000000000000e+03
5.200000000000000000e+03 8.189000000000000000e+03 8.234000000000000000e+03 8.672000000000000000e+03 8.460000000000000000e+03 7.872000000000000000e+03 8.216000000000000000e+03
5.250000000000000000e+03 8.187000000000000000e+03 8.223000000000000000e+03 8.676000000000000000e+03 8.473000000000000000e+03 7.858000000000000000e+03 8.237000000000000000e+03
5.300000000000000000e+03 8.182000000000000000e+03 8.225000000000000000e+03 8.685000000000000000e+03 8.489000000000000000e+03 7.845000000000000000e+03 8.233000000000000000e+03
5.350000000000000000e+03 8.184000000000000000e+03 8.224000000000000000e+03 8.673000000000000000e+03 8.475000000000000000e+03 7.843000000000000000e+03 8.221000000000000000e+03
5.400000000000000000e+03 8.186000000000000000e+03 8.222000000000000000e+03 8.680000000000000000e+03 8.481000000000000000e+03 7.844000000000000000e+03 8.233000000000000000e+03
5.450000000000000000e+03 8.193000000000000000e+03 8.215000000000000000e+03 8.695000000000000000e+03 8.495000000000000000e+03 7.837000000000000000e+03 8.219000000000000000e+03
5.500000000000000000e+03 8.191000000000000000e+03 8.226000000000000000e+03 8.721000000000000000e+03 8.506000000000000000e+03 7.836000000000000000e+03 8.239000000000000000e+03
5.550000000000000000e+03 8.190000000000000000e+03 8.213000000000000000e+03 8.719000000000000000e+03 8.508000000000000000e+03 7.845000000000000000e+03 8.218000000000000000e+03
5.600000000000000000e+03 8.191000000000000000e+03 8.224000000000000000e+03 8.716000000000000000e+03 8.506000000000000000e+03 7.834000000000000000e+03 8.211000000000000000e+03
5.650000000000000000e+03 8.195000000000000000e+03 8.215000000000000000e+03 8.730000000000000000e+03 8.512000000000000000e+03 7.830000000000000000e+03 8.218000000000000000e+03
5.700000000000000000e+03 8.191000000000000000e+03 8.212000000000000000e+03 8.735000000000000000e+03 8.558000000000000000e+03 7.794000000000000000e+03 8.195000000000000000e+03
5.750000000000000000e+03 8.191000000000000000e+03 8.209000000000000000e+03 8.735000000000000000e+03 8.558000000000000000e+03 7.797000000000000000e+03 8.212000000000000000e+03
5.800000000000000000e+03 8.167000000000000000e+03 8.215000000000000000e+03 8.706000000000000000e+03 8.497000000000000000e+03 7.805000000000000000e+03 8.190000000000000000e+03
5.850000000000000000e+03 8.174000000000000000e+03 8.196000000000000000e+03 8.712000000000000000e+03 8.576000000000000000e+03 7.748000000000000000e+03 8.192000000000000000e+03
5.900000000000000000e+03 8.177000000000000000e+03 8.214000000000000000e+03 8.713000000000000000e+03 8.578000000000000000e+03 7.749000000000000000e+03 8.203000000000000000e+03
5.950000000000000000e+03 8.180000000000000000e+03 8.210000000000000000e+03 8.709000000000000000e+03 8.591000000000000000e+03 7.728000000000000000e+03 8.181000000000000000e+03
6.000000000000000000e+03 8.178000000000000000e+03 8.222000000000000000e+03 8.719000000000000000e+03 8.575000000000000000e+03 7.723000000000000000e+03 8.202000000000000000e+03
6.050000000000000000e+03 8.167000000000000000e+03 8.208000000000000000e+03 8.723000000000000000e+03 8.579000000000000000e+03 7.715000000000000000e+03 8.198000000000000000e+03
6.100000000000000000e+03 8.151000000000000000e+03 8.206000000000000000e+03 8.704000000000000000e+03 8.600000000000000000e+03 7.666000000000000000e+03 8.189000000000000000e+03
6.150000000000000000e+03 8.172000000000000000e+03 8.202000000000000000e+03 8.737000000000000000e+03 8.616000000000000000e+03 7.657000000000000000e+03 8.205000000000000000e+03
6.200000000000000000e+03 8.153000000000000000e+03 8.200000000000000000e+03 8.721000000000000000e+03 8.629000000000000000e+03 7.621000000000000000e+03 8.237000000000000000e+03
6.250000000000000000e+03 8.173000000000000000e+03 8.211000000000000000e+03 8.719000000000000000e+03 8.565000000000000000e+03 7.660000000000000000e+03 8.192000000000000000e+03
6.300000000000000000e+03 8.154000000000000000e+03 8.212000000000000000e+03 8.729000000000000000e+03 8.579000000000000000e+03 7.638000000000000000e+03 8.189000000000000000e+03
6.350000000000000000e+03 8.153000000000000000e+03 8.208000000000000000e+03 8.721000000000000000e+03 8.622000000000000000e+03 7.588000000000000000e+03 8.197000000000000000e+03
6.400000000000000000e+03 8.152000000000000000e+03 8.208000000000000000e+03 8.748000000000000000e+03 8.592000000000000000e+03 7.611000000000000000e+03 8.186000000000000000e+03
6.450000000000000000e+03 8.159000000000000000e+03 8.213000000000000000e+03 8.740000000000000000e+03 8.607000000000000000e+03 7.585000000000000000e+03 8.176000000000000000e+03
6.500000000000000000e+03 8.147000000000000000e+03 8.201000000000000000e+03 8.752000000000000000e+03 8.633000000000000000e+03 7.565000000000000000e+03 8.183000000000000000e+03
6.550000000000000000e+03 8.141000000000000000e+03 8.188000000000000000e+03 8.744000000000000000e+03 8.648000000000000000e+03 7.565000000000000000e+03 8.218000000000000000e+03
6.600000000000000000e+03 8.153000000000000000e+03 8.211000000000000000e+03 8.727000000000000000e+03 8.608000000000000000e+03 7.583000000000000000e+03 8.164000000000000000e+03
6.650000000000000000e+03 8.187000000000000000e+03 8.212000000000000000e+03 8.695000000000000000e+03 8.508000000000000000e+03 7.785000000000000000e+03 8.227000000000000000e+03
6.700000000000000000e+03 8.182000000000000000e+03 8.241000000000000000e+03 8.690000000000000000e+03 8.426000000000000000e+03 7.842000000000000000e+03 8.227000000000000000e+03
6.750000000000000000e+03 8.174000000000000000e+03 8.234000000000000000e+03 8.680000000000000000e+03 8.414000000000000000e+03 7.842000000000000000e+03 8.251000000000000000e+03
6.800000000000000000e+03 8.185000000000000000e+03 8.242000000000000000e+03 8.697000000000000000e+03 8.354000000000000000e+03 7.898000000000000000e+03 8.241000000000000000e+03
6.850000000000000000e+03 8.176000000000000000e+03 8.237000000000000000e+03 8.639000000000000000e+03 8.391000000000000000e+03 7.860000000000000000e+03 8.280000000000000000e+03
6.900000000000000000e+03 8.181000000000000000e+03 8.220000000000000000e+03 8.687000000000000000e+03 8.458000000000000000e+03 7.853000000000000000e+03 8.276000000000000000e+03
6.950000000000000000e+03 8.169000000000000000e+03 8.215000000000000000e+03 8.685000000000000000e+03 8.460000000000000000e+03 7.855000000000000000e+03 8.295000000000000000e+03
7.000000000000000000e+03 8.187000000000000000e+03 8.228000000000000000e+03 8.685000000000000000e+03 8.452000000000000000e+03 7.883000000000000000e+03 8.230000000000000000e+03
7.050000000000000000e+03 8.177000000000000000e+03 8.225000000000000000e+03 8.692000000000000000e+03 8.497000000000000000e+03 7.870000000000000000e+03 8.233000000000000000e+03
7.100000000000000000e+03 8.194000000000000000e+03 8.230000000000000000e+03 8.689000000000000000e+03 8.437000000000000000e+03 7.904000000000000000e+03 8.227000000000000000e+03
7.150000000000000000e+03 8.179000000000000000e+03 8.226000000000000000e+03 8.657000000000000000e+03 8.425000000000000000e+03 7.868000000000000000e+03 8.243000000000000000e+03
7.200000000000000000e+03 8.189000000000000000e+03 8.240000000000000000e+03 8.672000000000000000e+03 8.401000000000000000e+03 7.875000000000000000e+03 8.257000000000000000e+03
7.250000000000000000e+03 8.191000000000000000e+03 8.223000000000000000e+03 8.691000000000000000e+03 8.450000000000000000e+03 7.850000000000000000e+03 8.248000000000000000e+03
7.300000000000000000e+03 8.173000000000000000e+03 8.221000000000000000e+03 8.680000000000000000e+03 8.482000000000000000e+03 7.844000000000000000e+03 8.248000000000000000e+03
7.350000000000000000e+03 8.177000000000000000e+03 8.231000000000000000e+03 8.679000000000000000e+03 8.464000000000000000e+03 7.828000000000000000e+03 8.245000000000000000e+03
7.400000000000000000e+03 8.189000000000000000e+03 8.227000000000000000e+03 8.678000000000000000e+03 8.448000000000000000e+03 7.865000000000000000e+03 8.249000000000000000e+03
7.450000000000000000e+03 8.175000000000000000e+03 8.231000000000000000e+03 8.672000000000000000e+03 8.431000000000000000e+03 7.859000000000000000e+03 8.273000000000000000e+03
7.500000000000000000e+03 8.181000000000000000e+03 8.229000000000000000e+03 8.680000000000000000e+03 8.440000000000000000e+03 7.861000000000000000e+03 8.258000000000000000e+03
7.550000000000000000e+03 8.175000000000000000e+03 8.232000000000000000e+03 8.671000000000000000e+03 8.426000000000000000e+03 7.866000000000000000e+03 8.266000000000000000e+03
7.600000000000000000e+03 8.173000000000000000e+03 8.222000000000000000e+03 8.666000000000000000e+03 8.446000000000000000e+03 7.855000000000000000e+03 8.271000000000000000e+03
7.650000000000000000e+03 8.191000000000000000e+03 8.229000000000000000e+03 8.682000000000000000e+03 8.442000000000000000e+03 7.862000000000000000e+03 8.258000000000000000e+03
7.700000000000000000e+03 8.182000000000000000e+03 8.227000000000000000e+03 8.667000000000000000e+03 8.442000000000000000e+03 7.859000000000000000e+03 8.278000000000000000e+03
7.750000000000000000e+03 8.178000000000000000e+03 8.231000000000000000e+03 8.677000000000000000e+03 8.440000000000000000e+03 7.865000000000000000e+03 8.264000000000000000e+03
7.800000000000000000e+03 8.167000000000000000e+03 8.230000000000000000e+03 8.680000000000000000e+03 8.436000000000000000e+03 7.865000000000000000e+03 8.261000000000000000e+03
7.850000000000000000e+03 8.182000000000000000e+03 8.226000000000000000e+03 8.672000000000000000e+03 8.440000000000000000e+03 7.858000000000000000e+03 8.272000000000000000e+03
7.900000000000000000e+03 8.186000000000000000e+03 8.216000000000000000e+03 8.678000000000000000e+03 8.438000000000000000e+03 7.859000000000000000e+03 8.262000000000000000e+03
7.950000000000000000e+03 8.185000000000000000e+03 8.231000000000000000e+03 8.668000000000000000e+03 8.428000000000000000e+03 7.869000000000000000e+03 8.249000000000000000e+03
8.000000000000000000e+03 8.168000000000000000e+03 8.233000000000000000e+03 8.668000000000000000e+03 8.422000000000000000e+03 7.882000000000000000e+03 8.382000000000000000e+03
8.050000000000000000e+03 8.199000000000000000e+03 8.245000000000000000e+03 8.696000000000000000e+03 8.411000000000000000e+03 7.912000000000000000e+03 8.243000000000000000e+03
8.100000000000000000e+03 8.185000000000000000e+03 8.239000000000000000e+03 8.689000000000000000e+03 8.367000000000000000e+03 7.954000000000000000e+03 8.413000000000000000e+03
8.150000000000000000e+03 8.160000000000000000e+03 8.254000000000000000e+03 8.641000000000000000e+03 8.315000000000000000e+03 7.954000000000000000e+03 8.382000000000000000e+03
8.200000000000000000e+03 8.178000000000000000e+03 8.252000000000000000e+03 8.645000000000000000e+03 8.276000000000000000e+03 7.893000000000000000e+03 8.432000000000000000e+03
8.250000000000000000e+03 8.169000000000000000e+03 8.246000000000000000e+03 8.626000000000000000e+03 8.247000000000000000e+03 7.870000000000000000e+03 8.545000000000000000e+03
8.300000000000000000e+03 8.185000000000000000e+03 8.257000000000000000e+03 8.631000000000000000e+03 8.254000000000000000e+03 7.975000000000000000e+03 8.314000000000000000e+03
8.350000000000000000e+03 8.175000000000000000e+03 8.261000000000000000e+03 8.657000000000000000e+03 8.278000000000000000e+03 7.968000000000000000e+03 8.342000000000000000e+03
8.400000000000000000e+03 8.183000000000000000e+03 8.257000000000000000e+03 8.653000000000000000e+03 8.297000000000000000e+03 7.968000000000000000e+03 8.333000000000000000e+03
8.450000000000000000e+03 8.177000000000000000e+03 8.256000000000000000e+03 8.635000000000000000e+03 8.291000000000000000e+03 7.931000000000000000e+03 8.386000000000000000e+03
8.500000000000000000e+03 8.183000000000000000e+03 8.264000000000000000e+03 8.642000000000000000e+03 8.284000000000000000e+03 7.957000000000000000e+03 8.359000000000000000e+03
8.550000000000000000e+03 8.197000000000000000e+03 8.253000000000000000e+03 8.673000000000000000e+03 8.303000000000000000e+03 7.974000000000000000e+03 8.264000000000000000e+03
8.600000000000000000e+03 8.204000000000000000e+03 8.249000000000000000e+03 8.715000000000000000e+03 8.392000000000000000e+03 7.969000000000000000e+03 8.193000000000000000e+03
8.650000000000000000e+03 8.174000000000000000e+03 8.230000000000000000e+03 8.655000000000000000e+03 8.428000000000000000e+03 7.914000000000000000e+03 8.398000000000000000e+03
8.700000000000000000e+03 8.189000000000000000e+03 8.239000000000000000e+03 8.597000000000000000e+03 8.428000000000000000e+03 7.903000000000000000e+03 8.163000000000000000e+03
8.750000000000000000e+03 8.167000000000000000e+03 8.198000000000000000e+03 8.603000000000000000e+03 8.364000000000000000e+03 8.005000000000000000e+03 8.386000000000000000e+03
8.800000000000000000e+03 8.194000000000000000e+03 8.290000000000000000e+03 8.574000000000000000e+03 8.423000000000000000e+03 8.005000000000000000e+03 8.171000000000000000e+03
8.850000000000000000e+03 8.170000000000000000e+03 8.228000000000000000e+03 8.628000000000000000e+03 8.327000000000000000e+03 8.111000000000000000e+03 8.201000000000000000e+03
8.900000000000000000e+03 8.183000000000000000e+03 8.254000000000000000e+03 8.572000000000000000e+03 8.409000000000000000e+03 7.919000000000000000e+03 8.383000000000000000e+03
8.950000000000000000e+03 8.173000000000000000e+03 8.246000000000000000e+03 8.567000000000000000e+03 8.411000000000000000e+03 7.918000000000000000e+03 8.272000000000000000e+03
9.000000000000000000e+03 8.176000000000000000e+03 8.239000000000000000e+03 8.570000000000000000e+03 8.422000000000000000e+03 7.963000000000000000e+03 8.365000000000000000e+03
9.050000000000000000e+03 8.181000000000000000e+03 8.231000000000000000e+03 8.588000000000000000e+03 8.400000000000000000e+03 7.985000000000000000e+03 8.393000000000000000e+03
9.100000000000000000e+03 8.162000000000000000e+03 8.239000000000000000e+03 8.594000000000000000e+03 8.365000000000000000e+03 8.039000000000000000e+03 8.335000000000000000e+03
9.150000000000000000e+03 8.190000000000000000e+03 8.258000000000000000e+03 8.582000000000000000e+03 8.340000000000000000e+03 8.022000000000000000e+03 8.251000000000000000e+03
9.200000000000000000e+03 8.179000000000000000e+03 8.240000000000000000e+03 8.574000000000000000e+03 8.369000000000000000e+03 8.016000000000000000e+03 8.319000000000000000e+03
9.250000000000000000e+03 8.194000000000000000e+03 8.236000000000000000e+03 8.600000000000000000e+03 8.379000000000000000e+03 8.032000000000000000e+03 8.236000000000000000e+03
9.300000000000000000e+03 8.184000000000000000e+03 8.249000000000000000e+03 8.596000000000000000e+03 8.328000000000000000e+03 8.078000000000000000e+03 8.315000000000000000e+03
9.350000000000000000e+03 8.189000000000000000e+03 8.252000000000000000e+03 8.596000000000000000e+03 8.335000000000000000e+03 8.058000000000000000e+03 8.297000000000000000e+03
9.400000000000000000e+03 8.178000000000000000e+03 8.251000000000000000e+03 8.588000000000000000e+03 8.343000000000000000e+03 8.040000000000000000e+03 8.292000000000000000e+03
9.450000000000000000e+03 8.149000000000000000e+03 8.259000000000000000e+03 8.586000000000000000e+03 8.333000000000000000e+03 8.002000000000000000e+03 8.333000000000000000e+03
9.500000000000000000e+03 8.141000000000000000e+03 8.247000000000000000e+03 8.600000000000000000e+03 8.331000000000000000e+03 7.963000000000000000e+03 8.378000000000000000e+03
9.550000000000000000e+03 8.127000000000000000e+03 8.253000000000000000e+03 8.597000000000000000e+03 8.343000000000000000e+03 7.901000000000000000e+03 8.379000000000000000e+03
9.600000000000000000e+03 8.098000000000000000e+03 8.264000000000000000e+03 8.596000000000000000e+03 8.443000000000000000e+03 7.739000000000000000e+03 8.318000000000000000e+03
9.650000000000000000e+03 8.034000000000000000e+03 8.217000000000000000e+03 8.544000000000000000e+03 8.414000000000000000e+03 7.631000000000000000e+03 8.402000000000000000e+03
9.700000000000000000e+03 8.173000000000000000e+03 8.262000000000000000e+03 8.611000000000000000e+03 8.428000000000000000e+03 7.753000000000000000e+03 8.102000000000000000e+03
9.750000000000000000e+03 8.129000000000000000e+03 8.202000000000000000e+03 8.564000000000000000e+03 8.459000000000000000e+03 7.903000000000000000e+03 8.368000000000000000e+03
9.800000000000000000e+03 8.180000000000000000e+03 8.223000000000000000e+03 8.544000000000000000e+03 8.411000000000000000e+03 8.009000000000000000e+03 8.333000000000000000e+03
9.850000000000000000e+03 8.153000000000000000e+03 8.203000000000000000e+03 8.530000000000000000e+03 8.415000000000000000e+03 8.018000000000000000e+03 8.312000000000000000e+03
9.900000000000000000e+03 8.127000000000000000e+03 8.153000000000000000e+03 8.540000000000000000e+03 8.490000000000000000e+03 7.974000000000000000e+03 8.324000000000000000e+03
9.950000000000000000e+03 8.130000000000000000e+03 8.152000000000000000e+03 8.558000000000000000e+03 8.510000000000000000e+03 7.954000000000000000e+03 8.338000000000000000e+03
1.000000000000000000e+04 8.153000000000000000e+03 8.194000000000000000e+03 8.501000000000000000e+03 8.404000000000000000e+03 8.006000000000000000e+03 8.307000000000000000e+03
1.005000000000000000e+04 8.174000000000000000e+03 8.225000000000000000e+03 8.524000000000000000e+03 8.368000000000000000e+03 8.037000000000000000e+03 8.272000000000000000e+03
1.010000000000000000e+04 8.180000000000000000e+03 8.242000000000000000e+03 8.544000000000000000e+03 8.356000000000000000e+03 8.055000000000000000e+03 8.305000000000000000e+03
1.015000000000000000e+04 8.158000000000000000e+03 8.243000000000000000e+03 8.587000000000000000e+03 8.265000000000000000e+03 8.185000000000000000e+03 8.300000000000000000e+03
1.020000000000000000e+04 8.067000000000000000e+03 8.223000000000000000e+03 8.557000000000000000e+03 8.328000000000000000e+03 8.006000000000000000e+03 8.262000000000000000e+03
1.025000000000000000e+04 8.152000000000000000e+03 8.250000000000000000e+03 8.655000000000000000e+03 8.352000000000000000e+03 8.172000000000000000e+03 8.241000000000000000e+03
1.030000000000000000e+04 8.068000000000000000e+03 8.244000000000000000e+03 8.600000000000000000e+03 8.390000000000000000e+03 7.940000000000000000e+03 8.310000000000000000e+03
