20 8194 8224 8631 8285 8095 8392
1293 8189 8224 8626 8285 8086 8384
1669 8202 8225 8627 8283 8087 8382
1748 8187 8225 8631 8292 8087 8388
1823 8188 8235 8627 8287 8093 8370
1900 8192 8230 8633 8291 8092 8374
1974 8184 8230 8630 8291 8086 8390
2067 8196 8229 8633 8289 8096 8386
2141 8198 8225 8633 8292 8093 8386
2216 8187 8226 8629 8282 8090 8379
2291 8192 8227 8628 8287 8092 8378
2365 8197 8231 8628 8287 8090 8386
2440 8192 8229 8626 8287 8091 8375
2518 8198 8230 8635 8289 8091 8383
2591 8190 8224 8626 8286 8088 8386
2668 8196 8226 8632 8291 8091 8378
2762 8198 8235 8628 8284 8088 8386
2837 8196 8225 8627 8286 8087 8379
2912 8200 8226 8631 8289 8088 8390
2988 8192 8233 8629 8287 8091 8374
3061 8195 8226 8626 8289 8090 8384
3135 8199 8238 8628 8287 8092 8374
3209 8196 8224 8626 8285 8090 8374
3283 8195 8224 8631 8292 8087 8392
3358 8203 8222 8627 8288 8091 8382
3435 8190 8234 8630 8287 8092 8379
3530 8195 8225 8625 8286 8087 8379
3604 8191 8224 8624 8283 8087 8393
3678 8189 8222 8637 8294 8093 8391
3752 8190 8226 8622 8284 8091 8372
3827 8194 8225 8628 8288 8092 8389
3903 8196 8231 8627 8284 8089 8381
3977 8189 8231 8623 8287 8086 8383
4052 8198 8222 8629 8292 8093 8379
4125 8194 8231 8625 8287 8088 8386
4199 8201 8231 8628 8285 8094 8382
4292 8184 8228 8631 8293 8085 8393
4370 8195 8224 8626 8288 8087 8379
4443 8189 8229 8630 8287 8095 8387
4517 8195 8224 8630 8290 8089 8391
4591 8190 8235 8628 8289 8092 8384
4667 8192 8224 8627 8288 8091 8376
4742 8189 8227 8631 8289 8088 8391
4818 8200 8224 8628 8286 8095 8393
4893 8192 8230 8628 8287 8090 8377
4988 8201 8231 8627 8287 8090 8386
5062 8192 8230 8629 8289 8089 8384
5136 8197 8227 8632 8289 8092 8381
5212 8188 8225 8625 8286 8091 8374
5289 8192 8226 8630 8289 8095 8378
5363 8189 8224 8624 8286 8090 8386
5438 8188 8227 8630 8291 8092 8390
5512 8194 8224 8631 8288 8091 8382
5587 8195 8222 8628 8285 8089 8392
5662 8190 8229 8633 8291 8093 8381
5761 8192 8226 8628 8284 8087 8392
5836 8194 8229 8629 8289 8094 8393
5910 8192 8226 8628 8284 8089 8378
5986 8190 8226 8635 8291 8094 8383
6060 8190 8225 8626 8288 8090 8375
6134 8186 8230 8633 8295 8091 8391
6210 8192 8226 8626 8287 8091 8379
6284 8195 8222 8630 8290 8090 8386
6359 8192 8227 8631 8287 8094 8383
6434 8195 8222 8625 8283 8092 8379
6528 8183 8227 8633 8291 8092 8384
6602 8185 8234 8633 8289 8092 8389
6680 8194 8226 8623 8282 8088 8388
6755 8192 8230 8625 8282 8094 8378
6829 8192 8226 8633 8289 8087 8390
6903 8188 8225 8626 8288 8093 8384
6977 8200 8229 8627 8289 8089 8381
7052 8186 8227 8637 8295 8095 8390
7130 8190 8226 8626 8284 8091 8368
7225 8192 8231 8628 8287 8090 8382
7299 8190 8230 8628 8291 8089 8392
7374 8194 8229 8627 8289 8091 8391
7448 8194 8226 8635 8291 8087 8391
7523 8204 8227 8628 8285 8095 8384
7599 8196 8224 8626 8283 8090 8379
7673 8185 8234 8626 8280 8090 8384
7748 8197 8225 8633 8292 8094 8386
7822 8192 8225 8628 8288 8087 8386
7896 8199 8229 8627 8284 8093 8381
7991 8194 8226 8628 8287 8089 8379
8068 8192 8226 8626 8289 8087 8389
8143 8190 8236 8627 8291 8089 8391
8216 8194 8226 8631 8289 8093 8386
8290 8194 8229 8627 8287 8089 8384
8364 8192 8230 8633 8285 8096 8381
8438 8192 8227 8631 8291 8087 8390
8515 8196 8233 8631 8284 8091 8376
8589 8192 8230 8628 8287 8090 8382
8665 8192 8231 8627 8287 8092 8372
8760 8197 8225 8625 8285 8094 8381
8835 8201 8235 8627 8282 8094 8386
8908 8194 8226 8626 8289 8085 8393
8985 8190 8227 8630 8287 8096 8391
9059 8185 8232 8631 8289 8087 8387
9133 8194 8225 8628 8292 8091 8386
9207 8196 8233 8630 8285 8092 8386
9281 8186 8231 8631 8293 8088 8385
9355 8193 8226 8633 8289 8092 8390
9455 8199 8224 8628 8283 8091 8382
9530 8191 8226 8630 8289 8093 8384
9604 8190 8231 8625 8284 8091 8377
9678 8194 8225 8633 8292 8091 8383
9761 8194 8222 8623 8283 8087 8381
9849 8192 8219 8631 8292 8090 8388
9936 8197 8227 8628 8287 8092 8372
10015 8183 8231 8631 8291 8091 8389
10093 8196 8229 8626 8287 8091 8379
10171 8196 8226 8627 8284 8092 8376
10274 8194 8233 8628 8291 8090 8389
10353 8197 8229 8627 8287 8089 8383
10437 8199 8222 8627 8290 8087 8386
10518 8192 8226 8627 8287 8090 8372
10594 8192 8227 8626 8282 8088 8384
10671 8194 8229 8629 8291 8092 8386
10746 8200 8229 8630 8289 8094 8382
10813 8187 8230 8623 8282 8087 8383
10892 8184 8235 8631 8291 8087 8389
10989 8190 8224 8625 8290 8089 8381
11043 8195 8224 8628 8283 8092 8379
11118 8192 8219 8635 8292 8097 8400
11191 8195 8224 8628 8290 8089 8386
11266 8195 8219 8635 8290 8098 8391
11334 8184 8222 8625 8285 8087 8384
11409 8182 8236 8633 8293 8087 8387
11486 8192 8224 8624 8288 8092 8382
11564 8203 8224 8627 8285 8093 8382
11638 8198 8231 8631 8289 8092 8384
11738 8198 8224 8627 8286 8090 8386
11816 8201 8227 8627 8285 8092 8382
11891 8194 8222 8626 8283 8088 8383
11967 8192 8227 8628 8287 8094 8382
12043 8192 8230 8628 8287 8095 8382
12089 8187 8230 8624 8282 8089 8376
12164 8195 8229 8626 8282 8094 8379
12241 8190 8226 8629 8289 8090 8379
12311 8198 8230 8623 8287 8092 8374
12387 8196 8229 8622 8282 8087 8388
12486 8198 8230 8630 8289 8096 8383
