-1.236308517456054688e+02 -1.857220458984375000e+01 1.103911987304687500e+03
-9.592866516113281250e+01 -2.219906806945800781e+01 1.228001831054687500e+03
-1.240627212524414062e+02 -7.795614624023437500e+01 1.102287231445312500e+03
-9.749875640869140625e+01 -8.137484741210937500e+01 1.226705566406250000e+03
7.011905670166015625e+01 -7.713193511962890625e+01 1.060897949218750000e+03
9.710964202880859375e+01 -8.116305541992187500e+01 1.185499633789062500e+03
7.015279388427734375e+01 -3.776441192626953125e+01 1.062347900390625000e+03
9.760356903076171875e+01 -4.168492507934570312e+01 1.186243286132812500e+03
1.704749679565429688e+01 -3.606589508056640625e+01 1.003410217285156250e+03
2.616568374633789062e+01 1.271262359619140625e+01 1.043308105468750000e+03
3.289315795898437500e+01 6.113501739501953125e+01 1.073615478515625000e+03
1.930422210693359375e+01 1.129906387329101562e+02 1.007511352539062500e+03
-7.194660186767578125e+01 1.119153823852539062e+02 1.057524414062500000e+03
-7.052651214599609375e+01 6.209402847290039062e+01 1.065455688476562500e+03
-6.299035644531250000e+01 1.108737182617187500e+01 1.101797119140625000e+03
-6.159371948242187500e+01 -3.898896789550781250e+01 1.110226318359375000e+03
-1.365685729980468750e+02 -3.904081726074218750e+01 1.136252807617187500e+03
-1.484357147216796875e+02 1.229706859588623047e+01 1.080280761718750000e+03
-1.416872100830078125e+02 6.063006973266601562e+01 1.110670898437500000e+03
-1.580629272460937500e+02 8.324014282226562500e+01 1.034676025390625000e+03
