2.653842773437500000e+02 -1.736987113952636719e+01 1.020296936035156250e+03
2.918712768554687500e+02 -2.048147964477539062e+01 1.145615600585937500e+03
2.654851684570312500e+02 -7.635813140869140625e+01 1.017745788574218750e+03
2.916387329101562500e+02 -8.028961181640625000e+01 1.143540039062500000e+03
7.045867919921875000e+01 -7.610428619384765625e+01 1.059213256835937500e+03
9.693997955322265625e+01 -8.001082611083984375e+01 1.183458862304687500e+03
7.090745544433593750e+01 -3.678020477294921875e+01 1.060075195312500000e+03
9.699317932128906250e+01 -4.012380981445312500e+01 1.185009643554687500e+03
2.322142181396484375e+02 1.141028976440429688e+02 9.605160522460937500e+02
2.460761718750000000e+02 6.224370956420898438e+01 1.025817626953125000e+03
2.400215759277343750e+02 1.357416057586669922e+01 9.958342895507812500e+02
2.318889007568359375e+02 -3.482897186279296875e+01 9.565792846679687500e+02
1.583842468261718750e+02 -3.499305725097656250e+01 9.916500244140625000e+02
1.685058135986328125e+02 1.275713443756103516e+01 1.041162963867187500e+03
1.546275329589843750e+02 6.463060760498046875e+01 9.753930053710937500e+02
1.562813873291015625e+02 1.137987823486328125e+02 9.865783691406250000e+02
7.444895935058593750e+01 1.147411880493164062e+02 9.842479858398437500e+02
8.482595825195312500e+01 6.315145492553710938e+01 1.030381713867187500e+03
9.060152435302734375e+01 1.290302944183349609e+01 1.057417968750000000e+03
8.454768371582031250e+01 -3.567066574096679688e+01 1.027572875976562500e+03
