-1.469204406738281250e+02 -2.284343147277832031e+01 1.103846069335937500e+03
-1.166708374023437500e+02 -2.605143356323242188e+01 1.235970458984375000e+03
-1.473386077880859375e+02 -8.229333496093750000e+01 1.102064331054687500e+03
-1.177164916992187500e+02 -8.564763641357421875e+01 1.234519775390625000e+03
4.700545883178710938e+01 -8.161804199218750000e+01 1.060764770507812500e+03
7.629756164550781250e+01 -8.520098114013671875e+01 1.193009155273437500e+03
4.789208984375000000e+01 -4.223426818847656250e+01 1.061326171875000000e+03
7.733689880371093750e+01 -4.550884628295898438e+01 1.194265136718750000e+03
-6.033706665039062500e+00 -4.074948501586914062e+01 1.002911682128906250e+03
3.055223941802978516e+00 7.817388534545898438e+00 1.042366943359375000e+03
9.996589660644531250e+00 5.693001556396484375e+01 1.072255249023437500e+03
-3.928621053695678711e+00 1.085562515258789062e+02 1.006550659179687500e+03
-9.444081878662109375e+01 1.077200393676757812e+02 1.055611450195312500e+03
-9.319585418701171875e+01 5.796321105957031250e+01 1.063980834960937500e+03
-8.607891845703125000e+01 6.867198944091796875e+00 1.101992797851562500e+03
-8.389260864257812500e+01 -4.280019378662109375e+01 1.110099243164062500e+03
-1.595883941650390625e+02 -4.346213531494140625e+01 1.136079345703125000e+03
-1.717604827880859375e+02 7.685140609741210938e+00 1.080001220703125000e+03
-1.645978240966796875e+02 5.686184692382812500e+01 1.109920043945312500e+03
-1.812002105712890625e+02 7.882688140869140625e+01 1.033378540039062500e+03
