0.520 -0.200  0.050
0.520 -0.200 -0.088
0.360 -0.200  0.050
0.360 -0.200 -0.088
0.360  0.200  0.050
0.360  0.200 -0.088
0.520  0.200  0.050
0.520  0.200 -0.088
0.440  0.000  0.050
0.440  0.000 -0.088
0.550 0.180 0.120 
0.500 0.180 0.050 
0.450 0.180 0.080 
0.400 0.180 0.120 
0.400 0.100 0.100 
0.450 0.100 0.050 
0.500 0.100 0.120 
0.550 0.100 0.110 
0.550 0.020 0.130 
0.500 0.020 0.080 
0.450 0.020 0.050 
0.400 0.020 0.080 
0.400 -0.060 0.120
0.450 -0.060 0.080
0.500 -0.060 0.050
0.550 -0.060 0.120
0.550 -0.140 0.090
0.500 -0.140 0.080
0.450 -0.140 0.040
0.400 -0.140 0.030
0.400 -0.220 0.020
0.450 -0.220 0.080
0.500 -0.220 0.050
0.550 -0.220 0.080
