-1.431318054199218750e+02 -2.284173583984375000e+01 1.104001586914062500e+03
-1.145927963256835938e+02 -2.658648300170898438e+01 1.236412719726562500e+03
-1.440811157226562500e+02 -8.232024383544921875e+01 1.102631835937500000e+03
-1.156662902832031250e+02 -8.569227600097656250e+01 1.235259277343750000e+03
5.021794891357421875e+01 -8.259694671630859375e+01 1.061620849609375000e+03
7.892490386962890625e+01 -8.630889129638671875e+01 1.194146240234375000e+03
5.067773056030273438e+01 -4.320003128051757812e+01 1.062761840820312500e+03
7.996915435791015625e+01 -4.606777191162109375e+01 1.195474487304687500e+03
-2.190995693206787109e+00 -4.123138046264648438e+01 1.004249328613281250e+03
6.167483329772949219e+00 7.379300594329833984e+00 1.043179443359375000e+03
1.320712757110595703e+01 5.606670379638671875e+01 1.073231445312500000e+03
-6.015228107571601868e-02 1.081933517456054688e+02 1.007204162597656250e+03
-9.090866851806640625e+01 1.073640060424804688e+02 1.056723632812500000e+03
-9.007698822021484375e+01 5.709400939941406250e+01 1.064866699218750000e+03
-8.232086944580078125e+01 6.867456912994384766e+00 1.102169799804687500e+03
-8.153274536132812500e+01 -4.375176239013671875e+01 1.110283081054687500e+03
-1.567342834472656250e+02 -4.347997665405273438e+01 1.136738769531250000e+03
-1.684910430908203125e+02 7.683852195739746094e+00 1.080053466796875000e+03
-1.617463684082031250e+02 5.638727188110351562e+01 1.110144042968750000e+03
-1.776936187744140625e+02 7.884724426269531250e+01 1.033932128906250000e+03
