2.463820343017578125e+02 -2.261586189270019531e+01 1.020278808593750000e+03
2.734480590820312500e+02 -2.605384635925292969e+01 1.153469970703125000e+03
2.458432464599609375e+02 -8.243270874023437500e+01 1.018551330566406250e+03
2.734572753906250000e+02 -8.573222351074218750e+01 1.152226074218750000e+03
5.102032470703125000e+01 -8.152568817138671875e+01 1.059483764648437500e+03
7.831283569335937500e+01 -8.517820739746093750e+01 1.192632324218750000e+03
5.103218841552734375e+01 -4.176067733764648438e+01 1.060728759765625000e+03
7.832678985595703125e+01 -4.498336791992187500e+01 1.193810791015625000e+03
2.131450805664062500e+02 1.085104675292968750e+02 9.610034179687500000e+02
2.272547302246093750e+02 5.687370681762695312e+01 1.026798828125000000e+03
2.212752075195312500e+02 7.981323242187500000e+00 9.964808349609375000e+02
2.125655059814453125e+02 -4.095311355590820312e+01 9.568782958984375000e+02
1.387857666015625000e+02 -4.092086410522460938e+01 9.924165649414062500e+02
1.491752624511718750e+02 7.844306468963623047e+00 1.041391235351562500e+03
1.352545318603515625e+02 5.871548080444335938e+01 9.757913208007812500e+02
1.374289398193359375e+02 1.085467605590820312e+02 9.865425415039062500e+02
5.500009918212890625e+01 1.090976257324218750e+02 9.835383911132812500e+02
6.497631835937500000e+01 5.782110595703125000e+01 1.030202758789062500e+03
7.117167663574218750e+01 7.938494682312011719e+00 1.057543945312500000e+03
6.481320190429687500e+01 -4.092378616333007812e+01 1.027959594726562500e+03
