-1.616860046386718750e+02 -2.496997642517089844e+01 1.113572631835937500e+03
-1.343465423583984375e+02 -2.567502593994140625e+01 1.242458862304687500e+03
-1.636311035156250000e+02 -8.504231262207031250e+01 1.112294189453125000e+03
-1.359278564453125000e+02 -8.668521118164062500e+01 1.240950195312500000e+03
3.010021972656250000e+01 -8.744164276123046875e+01 1.071212646484375000e+03
5.985303497314453125e+01 -8.878134155273437500e+01 1.200439208984375000e+03
3.192278099060058594e+01 -4.767856597900390625e+01 1.072043579101562500e+03
6.081645965576171875e+01 -4.879021453857421875e+01 1.200209228515625000e+03
-2.163560867309570312e+01 -4.504993820190429688e+01 1.012955993652343750e+03
-1.260649871826171875e+01 2.964448213577270508e+00 1.052697753906250000e+03
-4.672705173492431641e+00 5.197549057006835938e+01 1.083375976562500000e+03
-1.786346626281738281e+01 1.035912551879882812e+02 1.017072326660156250e+03
-1.082096633911132812e+02 1.042892608642578125e+02 1.066322265625000000e+03
-1.078895874023437500e+02 5.395244216918945312e+01 1.074054443359375000e+03
-1.010460815429687500e+02 3.134315252304077148e+00 1.110921264648437500e+03
-9.996550750732421875e+01 -4.654087829589843750e+01 1.119679321289062500e+03
-1.763905487060546875e+02 -4.634600448608398438e+01 1.146182006835937500e+03
-1.865711364746093750e+02 5.425423622131347656e+00 1.089809204101562500e+03
-1.791768646240234375e+02 5.405823898315429688e+01 1.119927368164062500e+03
-1.953061218261718750e+02 7.654969787597656250e+01 1.043787841796875000e+03
