2.271670684814453125e+02 -2.940583992004394531e+01 1.028952026367187500e+03
2.544438934326171875e+02 -3.063534545898437500e+01 1.159458984375000000e+03
2.259146881103515625e+02 -8.923178863525390625e+01 1.027895141601562500e+03
2.533951110839843750e+02 -9.149886322021484375e+01 1.157895385742187500e+03
3.139887619018554688e+01 -8.587299346923828125e+01 1.068784057617187500e+03
5.775526809692382812e+01 -8.819384002685546875e+01 1.199473754882812500e+03
3.188453292846679688e+01 -4.625269317626953125e+01 1.070783935546875000e+03
5.822063827514648438e+01 -4.773598098754882812e+01 1.199498657226562500e+03
1.957753295898437500e+02 1.021332473754882812e+02 9.694888305664062500e+02
2.092113494873046875e+02 5.013664627075195312e+01 1.035779174804687500e+03
2.021842651367187500e+02 1.127406001091003418e+00 1.005864440917968750e+03
1.933246307373046875e+02 -4.705181121826171875e+01 9.654752807617187500e+02
1.193413619995117188e+02 -4.637796020507812500e+01 1.001329589843750000e+03
1.305730438232421875e+02 1.621085166931152344e+00 1.050591308593750000e+03
1.169337844848632812e+02 5.327379608154296875e+01 9.845185546875000000e+02
1.197490005493164062e+02 1.025763168334960938e+02 9.956866455078125000e+02
3.767666625976562500e+01 1.049681091308593750e+02 9.927807617187500000e+02
4.780326080322265625e+01 5.343765640258789062e+01 1.039473999023437500e+03
5.269711303710937500e+01 3.006787300109863281e+00 1.067309692382812500e+03
4.503936004638671875e+01 -4.614039230346679688e+01 1.037239379882812500e+03
