100 8072 8366 8564 8182 8038 8371
1127 8089 8333 8595 8195 8065 8370
1780 8085 8347 8582 8187 8051 8389
1880 8094 8333 8596 8195 8063 8369
1980 8082 8348 8581 8186 8054 8379
2080 8090 8342 8585 8188 8051 8382
2180 8085 8341 8582 8190 8051 8380
2280 8085 8344 8582 8190 8051 8382
2380 8083 8345 8585 8189 8051 8378
2480 8082 8346 8576 8194 8055 8379
2580 8077 8353 8574 8193 8051 8375
2680 8082 8349 8585 8189 8051 8378
2780 8083 8343 8583 8191 8051 8371
2880 8087 8349 8577 8188 8049 8387
2980 8083 8349 8583 8194 8053 8368
3080 8074 8357 8574 8184 8044 8376
3180 8092 8342 8589 8195 8059 8381
