7.907579040527343750e+01 -2.275459146499633789e+01 1.196699401855468750e+03
7.952081298828125000e+01 -1.216068420410156250e+02 1.194084594726562500e+03
7.927188110351562500e+01 7.656679534912109375e+01 1.199713012695312500e+03
-6.757336425781250000e+01 -2.427024269104003906e+01 1.227714965820312500e+03
2.250838317871093750e+02 -2.170807647705078125e+01 1.165285034179687500e+03
1.492227630615234375e+02 4.104024505615234375e+01 7.307328491210937500e+02
1.613914947509765625e+02 -9.565561294555664062e+00 7.567233276367187500e+02
1.599966430664062500e+02 -5.825984191894531250e+01 7.252418823242187500e+02
1.653806457519531250e+02 -1.086988754272460938e+02 7.427484741210937500e+02
8.282274627685546875e+01 -1.090216598510742188e+02 7.399479370117187500e+02
8.892002105712890625e+01 -6.041822433471679688e+01 7.704234619140625000e+02
8.089261627197265625e+01 -9.960493087768554688e+00 7.433476562500000000e+02
7.880653381347656250e+01 3.763386154174804688e+01 7.758189086914062500e+02
-3.643920719623565674e-01 3.753118133544921875e+01 7.619857177734375000e+02
9.700168609619140625e+00 -1.154665756225585938e+01 7.885746459960937500e+02
4.483425140380859375e+00 -6.055957031250000000e+01 7.578815917968750000e+02
3.834225177764892578e+00 -1.108464584350585938e+02 7.565789794921875000e+02
-6.199521636962890625e+01 -1.133098144531250000e+02 8.310772705078125000e+02
-7.388113403320312500e+01 -6.169787979125976562e+01 7.745236206054687500e+02
-6.805332183837890625e+01 -1.283897590637207031e+01 8.050130615234375000e+02
-7.817685699462890625e+01 3.577013015747070312e+01 7.783368530273437500e+02
-1.549165039062500000e+02 2.997492980957031250e+01 8.248539428710937500e+02
-1.526230163574218750e+02 -1.341098403930664062e+01 7.925465698242187500e+02
-1.440592651367187500e+02 -6.392458343505859375e+01 8.297794189453125000e+02
-1.418809661865234375e+02 -1.145001602172851562e+02 8.379426269531250000e+02
-2.183634490966796875e+02 -1.160045318603515625e+02 8.642578735351562500e+02
-2.302544097900390625e+02 -6.433004760742187500e+01 8.075117187500000000e+02
-2.271015930175781250e+02 -1.793691444396972656e+01 8.384771728515625000e+02
-2.398074188232421875e+02 2.739067077636718750e+01 8.124263916015625000e+02
