0.500 0.000 0.043
0.400 0.000 0.043
0.600 0.000 0.043
0.500 -0.150 0.043
0.500 0.150 0.043
0.550 0.180 0.180
0.500 0.180 0.150
0.450 0.180 0.180
0.400 0.180 0.160
0.400 0.100 0.180
0.450 0.100 0.150
0.500 0.100 0.180
0.550 0.100 0.150
0.550 0.020 0.180
0.500 0.020 0.150
0.450 0.020 0.180
0.400 0.020 0.180
0.400 -0.060 0.120
0.450 -0.060 0.180
0.500 -0.060 0.150
0.550 -0.060 0.180
0.550 -0.140 0.150
0.500 -0.140 0.180
0.450 -0.140 0.140
0.400 -0.140 0.130
0.400 -0.220 0.120
0.450 -0.220 0.180
0.500 -0.220 0.150
0.550 -0.220 0.180
