0.251470 0.107814 1.014716
0.244898 0.059369 0.984555
0.260053 0.007134 1.059522
0.265375 -0.043328 1.086712
0.181773 -0.041146 1.073888
0.176677 0.008796 1.046798
0.181165 0.057937 1.067216
0.170283 0.109764 1.011499
0.108072 0.108411 1.104162
0.104033 0.059028 1.083477
0.101046 0.010343 1.072191
0.097771 -0.038667 1.061259
0.253269 -0.018685 0.930632
0.288218 -0.024408 1.098635
0.252271 -0.078232 0.928654
0.287036 -0.083707 1.096569
0.106580 -0.075614 0.959159
0.141124 -0.080650 1.126379
0.107404 -0.036246 0.960183
0.142128 -0.042116 1.127585
-0.135486 -0.013145 1.011445
-0.100156 -0.019303 1.178784
-0.136744 -0.072383 1.009868
-0.101625 -0.077601 1.177089
0.009135 -0.074492 0.979405
0.043963 -0.079909 1.147022
0.009974 -0.034820 0.980407
0.044932 -0.040282 1.147647
0.035897 -0.037915 1.054679
0.044688 0.010537 1.094036
0.039520 0.060770 1.067118
0.044052 0.109858 1.087532
-0.050643 0.110487 1.117214
-0.059818 0.062326 1.077673
-0.060622 0.013126 1.076429
-0.063636 -0.035590 1.065068
-0.133088 -0.036064 1.119360
-0.134045 0.013590 1.111552
-0.143308 0.064584 1.065526
-0.127060 0.081846 1.141994
