0.629000 0.180000 0.090000
0.579000 0.180000 0.120000
0.529000 0.180000 0.040000
0.479000 0.180000 0.010000
0.479000 0.100000 0.040000
0.529000 0.100000 0.070000
0.579000 0.100000 0.050000
0.629000 0.100000 0.110000
0.629000 0.020000 0.030000
0.579000 0.020000 0.050000
0.529000 0.020000 0.060000
0.479000 0.020000 0.070000
0.499000 0.200000 0.170000
0.499000 0.200000 -0.006000
0.439000 0.200000 0.170000
0.439000 0.200000 -0.006000
0.439000 0.050000 0.170000
0.439000 0.050000 -0.006000
0.479000 0.050000 0.170000
0.479000 0.050000 -0.006000
0.499000 -0.200000 0.170000
0.499000 -0.200000 -0.006000
0.439000 -0.200000 0.170000
0.439000 -0.200000 -0.006000
0.439000 -0.050000 0.170000
0.439000 -0.050000 -0.006000
0.479000 -0.050000 0.170000
0.479000 -0.050000 -0.006000
0.479000 -0.040000 0.090000
0.529000 -0.040000 0.050000
0.579000 -0.040000 0.080000
0.629000 -0.040000 0.060000
0.629000 -0.140000 0.050000
0.579000 -0.140000 0.090000
0.529000 -0.140000 0.090000
0.479000 -0.140000 0.100000
0.479000 -0.220000 0.060000
0.529000 -0.220000 0.070000
0.579000 -0.220000 0.120000
0.599000 -0.220000 0.040000
