2.000709381103515625e+02 1.105433044433593750e+02 9.125560913085937500e+02
2.148957977294921875e+02 5.841722488403320312e+01 9.786312255859375000e+02
2.092563018798828125e+02 9.631925582885742188e+00 9.479788208007812500e+02
2.013807525634765625e+02 -3.926469802856445312e+01 9.083207397460937500e+02
1.275488128662109375e+02 -4.012836074829101562e+01 9.440726928710937500e+02
1.375831298828125000e+02 8.329992294311523438e+00 9.933753051757812500e+02
1.234166488647460938e+02 5.978652572631835938e+01 9.278198852539062500e+02
1.246940307617187500e+02 1.092921600341796875e+02 9.385134277343750000e+02
4.275787734985351562e+01 1.090654296875000000e+02 9.362969360351562500e+02
5.360352325439453125e+01 5.809487152099609375e+01 9.829447631835937500e+02
5.981240844726562500e+01 8.014781951904296875e+00 1.010562561035156250e+03
5.383517837524414062e+01 -4.109148025512695312e+01 9.798828125000000000e+02
-3.189663505554199219e+01 -4.056992340087890625e+01 9.579911499023437500e+02
-2.427718925476074219e+01 7.484621047973632812e+00 9.978190307617187500e+02
-1.846780014038085938e+01 5.637420654296875000e+01 1.028618041992187500e+03
-3.295733642578125000e+01 1.083812789916992188e+02 9.624591674804687500e+02
-1.045106277465820312e+02 1.072724075317382812e+02 1.008078186035156250e+03
-1.020985794067382812e+02 5.713373565673828125e+01 1.016249694824218750e+03
-9.398718261718750000e+01 6.116380691528320312e+00 1.053152832031250000e+03
-9.203630065917968750e+01 -4.411508178710937500e+01 1.061435546875000000e+03
-1.668967132568359375e+02 -4.443986511230468750e+01 1.087544677734375000e+03
-1.797699737548828125e+02 6.907475471496582031e+00 1.031724609375000000e+03
-1.745454406738281250e+02 5.492947769165039062e+01 1.062067871093750000e+03
-1.801757812500000000e+02 1.060785293579101562e+02 1.034128784179687500e+03
