1.359910888671875000e+02 -2.806017875671386719e+01 8.355995483398437500e+02
8.609227752685546875e+01 1.272640419006347656e+01 8.373343505859375000e+02
7.078310394287109375e+01 -5.105664825439453125e+01 7.271210327148437500e+02
4.399171447753906250e+01 -1.008616943359375000e+02 6.300491943359375000e+02
3.664176940917968750e+01 9.324793243408203125e+01 7.803211059570312500e+02
4.405966567993164062e+01 2.401288795471191406e+01 7.551494750976562500e+02
4.076605987548828125e+01 -2.965021896362304688e+01 8.549874877929687500e+02
8.003245353698730469e+00 -5.295645523071289062e+01 8.207480468750000000e+02
-3.640924930572509766e+00 4.538081169128417969e+00 8.449656372070312500e+02
1.035637974739074707e+00 -6.245853424072265625e+00 8.436776733398437500e+02
-7.282332611083984375e+01 -1.661857223510742188e+01 7.576903076171875000e+02
-1.111880798339843750e+02 5.386970520019531250e+00 8.066820678710937500e+02
-1.958995971679687500e+02 -1.881290435791015625e+01 8.842183227539062500e+02
-6.856149291992187500e+01 2.412764167785644531e+01 7.680760498046875000e+02
