-3.736917232731695043e-02 -2.805412483215332167e-02 8.455537512606290385e-01
-8.658074243571857453e-02 1.308377647399902415e-02 8.372616623850810402e-01
-7.938254494599308875e-02 -5.074258041381835699e-02 7.261588698530074826e-01
-8.549619407938324755e-02 -1.005817565917968698e-01 6.257166889320927572e-01
-1.236948157719152397e-01 9.358953094482422297e-02 7.713575490162045689e-01
-1.112724649579494574e-01 2.433391571044921792e-02 7.481534068243000934e-01
-1.345568891972363235e-01 -2.965006828308105330e-02 8.453021686283574976e-01
-1.600064387367697849e-01 -5.261185836791992115e-02 8.051287765278339892e-01
-1.763405686837502817e-01 4.897913455963134703e-03 8.263764232443704394e-01
-1.715107776962450647e-01 -5.887069702148437465e-03 8.261267727213597034e-01
-2.734473873871696159e-01 5.731653690338134495e-03 7.669916227188766644e-01
-3.726512004460200700e-01 -1.843508148193359272e-02 8.257054519325836006e-01
-2.241998648333114463e-01 2.445838737487792888e-02 7.379435858802624315e-01
