7.946163940429687500e+01 -2.303724193572998047e+01 1.196867309570312500e+03
8.008019256591796875e+01 -1.221921997070312500e+02 1.194781127929687500e+03
7.924513244628906250e+01 7.602931976318359375e+01 1.199322387695312500e+03
-6.706963348388671875e+01 -2.427734756469726562e+01 1.228088745117187500e+03
2.255908660888671875e+02 -2.170874023437500000e+01 1.165276977539062500e+03
1.484256896972656250e+02 3.959172821044921875e+01 7.331553344726562500e+02
1.605864562988281250e+02 -1.090106296539306641e+01 7.591860351562500000e+02
1.586721343994140625e+02 -6.003102874755859375e+01 7.278931274414062500e+02
1.640260772705078125e+02 -1.103691329956054688e+02 7.454537963867187500e+02
8.155909729003906250e+01 -1.107316894531250000e+02 7.428920288085937500e+02
8.759545135498046875e+01 -6.163375091552734375e+01 7.733217773437500000e+02
7.991897583007812500e+01 -1.127153778076171875e+01 7.461619262695312500e+02
7.774823760986328125e+01 3.643383789062500000e+01 7.785777587890625000e+02
-1.343348503112792969e+00 3.636733627319335938e+01 7.648447875976562500e+02
8.725208282470703125e+00 -1.293819904327392578e+01 7.915287475585937500e+02
3.203292369842529297e+00 -6.177920532226562500e+01 7.609265747070312500e+02
2.224781274795532227e+00 -1.116561050415039062e+02 7.598641357421875000e+02
-6.295654296875000000e+01 -1.144746322631835938e+02 8.343085937500000000e+02
-7.520231628417968750e+01 -6.296526336669921875e+01 7.778296508789062500e+02
-6.901309967041015625e+01 -1.392421436309814453e+01 8.081702270507812500e+02
-7.915497589111328125e+01 3.491104507446289062e+01 7.814168701171875000e+02
-1.555271453857421875e+02 2.902609062194824219e+01 8.281230468750000000e+02
-1.536081085205078125e+02 -1.415128231048583984e+01 7.958494262695312500e+02
-1.453895568847656250e+02 -6.491282653808593750e+01 8.332332763671875000e+02
-1.432179565429687500e+02 -1.153563385009765625e+02 8.414771728515625000e+02
-2.192919769287109375e+02 -1.164978027343750000e+02 8.679328613281250000e+02
-2.316821899414062500e+02 -6.498283386230468750e+01 8.112246704101562500e+02
-2.280696563720703125e+02 -1.874273872375488281e+01 8.420440063476562500e+02
-2.408457641601562500e+02 2.715479087829589844e+01 8.159494018554687500e+02
