50,8117,8276,8378,8322,8552,8157
457,8120,8271,8380,8320,8552,8152
618,8117,8274,8380,8320,8552,8161
776,8111,8274,8380,8320,8554,8161
935,8119,8274,8376,8317,8551,8155
1089,8119,8282,8380,8321,8552,8148
1240,8115,8276,8378,8319,8553,8161
1397,8112,8279,8380,8321,8554,8155
1549,8118,8277,8380,8320,8551,8155
1707,8118,8280,8378,8322,8550,8151
1869,8111,8281,8378,8320,8553,8154
2028,8118,8277,8376,8320,8551,8154
2190,8115,8281,8380,8320,8555,8159
2360,8115,8272,8380,8322,8553,8159
2518,8119,8271,8380,8320,8552,8152
2668,8121,8279,8379,8320,8554,8161
2826,8117,8279,8380,8320,8552,8152
2979,8113,8277,8380,8321,8553,8152
3133,8123,8274,8379,8321,8554,8150
3296,8110,8279,8381,8319,8553,8149
3454,8115,8274,8376,8318,8556,8155
3612,8118,8278,8381,8319,8553,8150
3773,8118,8279,8378,8317,8553,8160
3935,8117,8278,8380,8322,8551,8149
4098,8115,8274,8378,8322,8554,8161
4260,8118,8277,8377,8321,8553,8157
4417,8123,8278,8380,8319,8553,8155
4569,8118,8277,8378,8321,8553,8151
4737,8120,8271,8378,8320,8552,8147
4897,8115,8277,8380,8320,8553,8150
5059,8113,8274,8382,8319,8554,8159
5224,8115,8271,8380,8320,8551,8161
5386,8119,8276,8380,8318,8551,8150
5549,8117,8274,8380,8320,8552,8157
5711,8112,8278,8380,8319,8552,8156
5874,8119,8281,8378,8319,8552,8151
6039,8120,8270,8378,8319,8554,8153
6208,8117,8274,8380,8320,8552,8148
6379,8117,8274,8378,8320,8552,8156
6542,8118,8277,8380,8320,8551,8155
6746,8115,8269,8380,8320,8552,8155
6914,8115,8274,8380,8320,8554,8152
7081,8115,8274,8380,8319,8550,8155
7251,8117,8278,8376,8322,8551,8158
7417,8116,8274,8380,8318,8551,8149
7585,8115,8276,8380,8319,8553,8157
7753,8112,8274,8382,8321,8554,8155
7923,8125,8278,8378,8321,8552,8155
8094,8112,8279,8378,8320,8552,8157
8265,8113,8276,8380,8319,8553,8148
8473,8120,8266,8382,8319,8551,8156
8639,8119,8272,8380,8320,8551,8150
8806,8119,8274,8378,8321,8553,8163
8974,8118,8271,8381,8320,8554,8157
9148,8118,8276,8381,8320,8556,8159
9318,8115,8276,8380,8319,8551,8152
9486,8111,8280,8378,8319,8555,8163
9654,8112,8279,8376,8320,8552,8151
9826,8118,8280,8380,8318,8553,8160
9997,8118,8271,8380,8321,8551,8155
10167,8119,8270,8380,8319,8551,8156
10348,8112,8279,8380,8320,8552,8148
10518,8115,8274,8380,8321,8552,8150
10690,8119,8276,8380,8318,8551,8150
10862,8119,8270,8382,8319,8551,8160
11034,8119,8271,8376,8318,8552,8152
11206,8118,8277,8376,8320,8551,8145
11382,8118,8277,8380,8320,8551,8155
11555,8121,8271,8380,8320,8551,8148
11729,8111,8279,8378,8320,8554,8157
11903,8115,8276,8380,8319,8551,8152
12078,8115,8276,8378,8319,8551,8157
12250,8115,8271,8382,8321,8553,8160
12430,8119,8274,8382,8321,8553,8150
12607,8112,8280,8380,8319,8553,8155
12795,8121,8271,8378,8321,8552,8159
12971,8118,8277,8378,8320,8551,8159
13147,8119,8274,8380,8321,8553,8159
13324,8115,8278,8380,8319,8552,8155
13504,8119,8274,8380,8319,8553,8150
13681,8115,8274,8378,8319,8550,8157
13858,8119,8279,8380,8321,8553,8150
14037,8119,8279,8378,8321,8553,8159
14216,8113,8279,8379,8321,8555,8159
14397,8112,8276,8383,8319,8554,8155
14581,8119,8271,8379,8320,8553,8157
14764,8121,8274,8379,8320,8554,8157
14945,8117,8277,8383,8321,8554,8152
15127,8117,8277,8377,8320,8552,8154
15309,8115,8274,8383,8320,8555,8157
15493,8122,8274,8378,8318,8553,8151
15682,8115,8279,8380,8321,8552,8155
15867,8121,8271,8380,8321,8552,8155
16052,8115,8277,8378,8320,8553,8154
16239,8117,8277,8381,8320,8552,8150
16425,8115,8276,8378,8319,8552,8152
16613,8120,8274,8379,8318,8553,8158
16802,8117,8274,8382,8320,8552,8152
16988,8116,8279,8378,8318,8553,8157
17176,8121,8277,8380,8320,8552,8146
17363,8121,8274,8378,8320,8551,8152
17550,8121,8279,8378,8320,8553,8151
17739,8119,8276,8378,8319,8552,8156
17930,8119,8274,8380,8321,8551,8141
18118,8112,8272,8382,8320,8551,8150
18307,8117,8281,8380,8321,8555,8157
18498,8118,8277,8378,8320,8551,8159
18687,8119,8278,8382,8319,8553,8155
18876,8118,8274,8380,8319,8554,8159
19068,8116,8277,8380,8318,8554,8153
19259,8119,8274,8380,8321,8553,8159
19448,8121,8277,8380,8321,8554,8152
19639,8115,8272,8380,8321,8551,8152
19831,8118,8274,8380,8318,8553,8151
20023,8119,8276,8380,8319,8552,8148
20216,8118,8274,8380,8318,8553,8156
20458,8118,8277,8378,8321,8553,8157
20659,8113,8271,8382,8320,8553,8157
20847,8115,8281,8380,8320,8553,8155
21033,8113,8278,8380,8319,8554,8159
21221,8112,8278,8380,8319,8552,8156
21411,8117,8279,8378,8320,8552,8157
21599,8116,8272,8385,8318,8555,8159
21786,8117,8274,8380,8322,8551,8150
21992,8113,8277,8378,8320,8551,8155
22182,8116,8277,8378,8318,8552,8155
22373,8115,8278,8380,8319,8552,8155
22565,8118,8272,8382,8321,8553,8157
22755,8118,8274,8383,8321,8553,8155
22946,8113,8278,8381,8319,8555,8159
23136,8114,8274,8383,8319,8553,8155
23327,8114,8274,8381,8319,8553,8159
23517,8113,8278,8381,8319,8555,8149
23711,8121,8272,8383,8321,8555,8162
23903,8118,8270,8383,8322,8553,8150
24095,8114,8278,8381,8322,8556,8159
24288,8076,8284,8286,8326,8350,8193
24480,8042,8291,8229,8309,8238,8210
24672,8095,8265,8367,8366,8418,8166
24869,8114,8279,8382,8319,8544,8138
25064,8118,8271,8385,8320,8547,8148
25258,8100,8277,8345,8344,8466,8151
25450,8110,8271,8233,8314,8502,8174
25645,8063,8289,8134,8296,8334,8199
25839,8011,8340,7975,8102,8151,8217
26039,8014,8322,7936,8169,8135,8190
26234,8074,8296,8073,8225,8294,8178
26431,8075,8275,8286,8330,8336,8168
26628,8119,8278,8391,8311,8540,8148
26825,8112,8283,8389,8315,8540,8149
27020,8120,8280,8386,8316,8542,8145
27222,8113,8274,8387,8315,8544,8151
27419,8119,8277,8387,8316,8543,8156
27617,8100,8284,8198,8256,8433,8159
27814,8128,8314,7987,8026,8597,8179
28013,8111,8244,8162,8413,8384,8163
28210,8131,8223,8379,8518,8502,8180
28409,8116,8277,8384,8320,8546,8150
28606,8116,8276,8386,8322,8546,8148
28807,8113,8277,8386,8317,8546,8153
29007,8119,8270,8388,8321,8550,8141
29205,8108,8262,8398,8369,8517,8149
29405,8133,8265,8394,8331,8603,8140
29612,8129,8264,8402,8339,8600,8151
29819,8135,8262,8589,8386,8649,8148
30027,8081,8245,8840,8607,8418,8173
30232,8074,8255,8586,8501,8380,8123
30436,8123,8272,8387,8322,8545,8143
30642,8126,8271,8384,8326,8551,8151
30848,8122,8269,8384,8322,8551,8147
31053,8142,8288,8361,8249,8630,8122
31257,8144,8243,8649,8460,8649,8141
31463,8105,8243,8800,8560,8502,8185
31671,8098,8247,8528,8425,8484,8139
31878,8128,8274,8387,8327,8555,8151
32087,8118,8278,8388,8324,8545,8151
32295,8115,8270,8382,8321,8547,8144
32502,8115,8271,8384,8320,8551,8148
32711,8119,8262,8384,8321,8551,8150
32919,8119,8274,8382,8321,8551,8146
33127,8119,8267,8385,8324,8553,8148
33386,8122,8271,8385,8322,8552,8144
33593,8115,8266,8387,8322,8551,8138
33802,8124,8271,8385,8323,8552,8143
34011,8122,8266,8386,8322,8552,8145
34222,8117,8272,8386,8320,8551,8142
34434,8119,8270,8382,8321,8550,8148
34648,8123,8270,8384,8321,8550,8148
34858,8119,8268,8386,8319,8549,8143
35068,8117,8272,8382,8320,8551,8150
35279,8113,8270,8385,8321,8551,8148
35491,8115,8271,8384,8320,8551,8148
35705,8119,8270,8384,8322,8553,8150
35920,8119,8269,8382,8320,8552,8155
36135,8119,8267,8382,8321,8551,8150
36345,8115,8267,8385,8320,8551,8148
36559,8117,8274,8382,8322,8551,8155
36768,8117,8271,8386,8321,8551,8151
36982,8115,8269,8384,8320,8552,8150
37195,8117,8269,8384,8321,8552,8152
37406,8119,8277,8384,8321,8552,8152
37618,8115,8267,8386,8321,8553,8151
37831,8119,8277,8382,8320,8551,8150
38043,8118,8270,8385,8321,8551,8144
38255,8113,8268,8386,8320,8551,8149
38473,8111,8266,8386,8320,8553,8151
38689,8119,8270,8384,8322,8553,8150
38904,8112,8269,8382,8321,8552,8152
39120,8118,8272,8384,8321,8553,8154
39358,8115,8267,8384,8320,8551,8154
39593,8121,8269,8386,8321,8552,8145
39821,8117,8272,8382,8320,8551,8150
40037,8116,8270,8386,8319,8552,8149
40255,8125,8268,8387,8322,8553,8152
40473,8115,8269,8386,8320,8552,8147
40693,8112,8267,8387,8320,8551,8144
40912,8117,8274,8382,8320,8552,8152
41131,8121,8272,8384,8321,8549,8148
41348,8119,8269,8384,8320,8552,8142
41565,8119,8272,8382,8320,8551,8146
41782,8119,8264,8387,8320,8553,8151
41999,8123,8268,8386,8322,8552,8149
42216,8119,8272,8384,8320,8551,8142
42435,8120,8274,8385,8318,8552,8145
42652,8115,8269,8384,8320,8552,8150
42869,8115,8267,8386,8320,8551,8145
43087,8115,8269,8382,8320,8551,8150
43307,8119,8269,8384,8320,8552,8150
43525,8119,8269,8386,8320,8553,8151
43745,8119,8270,8382,8322,8553,8155
43964,8120,8271,8384,8320,8552,8152
44182,8122,8268,8384,8319,8553,8153
44399,8122,8274,8384,8319,8550,8150
44617,8121,8269,8382,8322,8551,8150
44837,8115,8274,8384,8320,8554,8152
45058,8120,8271,8382,8320,8552,8148
45279,8120,8274,8382,8321,8551,8146
45499,8117,8272,8382,8320,8551,8150
45722,8117,8269,8384,8321,8552,8152
45941,8115,8269,8382,8320,8552,8155
46162,8117,8269,8384,8321,8552,8152
46385,8120,8268,8384,8319,8552,8155
46606,8117,8269,8384,8321,8552,8152
46827,8119,8277,8384,8321,8552,8152
47048,8120,8274,8382,8321,8551,8146
47272,8121,8276,8385,8319,8551,8148
47493,8115,8271,8384,8320,8551,8148
47777,8118,8271,8380,8321,8551,8155
48019,8112,8277,8383,8319,8551,8148
48250,8119,8270,8385,8322,8553,8146
48483,8116,8265,8386,8321,8553,8154
48707,8116,8270,8387,8322,8555,8152
48930,8116,8279,8383,8320,8553,8144
49159,8113,8274,8383,8319,8555,8156
49386,8119,8269,8386,8321,8556,8158
49609,8117,8268,8386,8319,8553,8146
49836,8114,8271,8385,8323,8555,8144
50060,8116,8265,8387,8321,8553,8149
50288,8116,8274,8386,8320,8553,8152
50519,8118,8272,8382,8321,8553,8157
50747,8117,8272,8385,8318,8553,8153
50977,8115,8269,8387,8320,8552,8142
51205,8118,8274,8385,8321,8553,8147
51430,8121,8271,8382,8322,8552,8149
51657,8118,8268,8385,8319,8552,8155
51886,8119,8272,8386,8320,8551,8146
52114,8119,8274,8382,8321,8551,8150
52342,8116,8272,8386,8318,8555,8155
52571,8120,8265,8386,8318,8553,8149
52802,8125,8268,8383,8319,8551,8145
53033,8116,8272,8385,8320,8552,8146
53265,8124,8270,8385,8319,8552,8151
53513,8119,8271,8387,8321,8555,8152
53744,8115,8276,8385,8322,8553,8144
53975,8112,8266,8386,8319,8552,8149
54207,8119,8276,8384,8319,8552,8157
54439,8115,8270,8382,8322,8552,8150
54672,8119,8271,8386,8319,8551,8147
54915,8119,8268,8384,8319,8551,8145
55149,8119,8272,8382,8320,8551,8146
55382,8122,8270,8384,8319,8554,8151
55616,8122,8268,8385,8319,8553,8159
55850,8119,8268,8384,8319,8551,8145
56086,8115,8274,8382,8320,8554,8157
56323,8118,8270,8385,8321,8551,8144
56556,8115,8277,8382,8320,8553,8150
56790,8113,8271,8384,8320,8551,8146
57024,8121,8271,8382,8321,8552,8156
57259,8117,8274,8386,8320,8552,8158
57499,8117,8272,8382,8320,8551,8150
57735,8116,8271,8386,8320,8551,8148
57972,8117,8278,8383,8318,8553,8153
58209,8124,8271,8385,8320,8553,8148
58446,8118,8272,8383,8321,8552,8152
58684,8115,8267,8385,8321,8554,8156
58924,8115,8274,8385,8322,8554,8146
59164,8121,8272,8385,8321,8555,8158
59405,8118,8280,8381,8321,8553,8141
59643,8117,8276,8382,8319,8550,8152
59884,8122,8270,8382,8319,8554,8156
60122,8124,8276,8384,8322,8552,8150
60363,8117,8274,8385,8320,8552,8154
60604,8120,8274,8382,8318,8551,8153
60846,8118,8269,8387,8320,8553,8152
61085,8115,8269,8386,8321,8555,8154
61328,8118,8279,8381,8321,8553,8150
61570,8121,8276,8386,8319,8552,8148
61813,8119,8274,8384,8319,8551,8146
62058,8115,8274,8384,8319,8552,8156
62298,8115,8271,8382,8321,8553,8155
62540,8113,8276,8382,8319,8551,8146
62790,8118,8274,8383,8321,8553,8150
63034,8122,8270,8385,8319,8555,8153
63352,8119,8270,8382,8322,8553,8156
63594,8118,8270,8387,8322,8553,8146
63841,8117,8265,8387,8321,8552,8145
64086,8112,8272,8381,8320,8552,8150
64330,8115,8271,8385,8320,8552,8148
64577,8118,8266,8388,8322,8553,8147
64828,8123,8270,8384,8322,8553,8156
65076,8115,8265,8384,8320,8551,8151
65332,8118,8277,8382,8321,8553,8152
65580,8119,8274,8382,8321,8553,8150
65824,8119,8274,8382,8321,8553,8155
66068,8111,8271,8382,8320,8551,8148
66316,8118,8274,8382,8319,8554,8155
66564,8117,8265,8384,8321,8552,8158
66810,8118,8278,8384,8318,8552,8149
67054,8118,8268,8385,8322,8553,8154
67304,8113,8276,8380,8319,8553,8148
67555,8111,8277,8380,8320,8553,8150
67805,8117,8265,8385,8321,8552,8154
68050,8120,8274,8384,8318,8551,8149
68298,8114,8274,8380,8320,8550,8156
68548,8115,8271,8384,8321,8554,8155
68799,8115,8271,8385,8323,8553,8148
69048,8121,8269,8385,8322,8552,8147
69297,8118,8272,8386,8321,8552,8144
69544,8116,8270,8385,8319,8552,8153
69797,8119,8271,8382,8319,8551,8146
70048,8119,8276,8384,8319,8554,8152
70298,8121,8279,8382,8320,8553,8152
70547,8115,8269,8384,8320,8552,8150
70800,8120,8269,8384,8320,8552,8160
71053,8119,8271,8384,8320,8554,8158
71306,8118,8272,8382,8321,8553,8157
71560,8113,8276,8382,8319,8553,8152
71814,8112,8268,8382,8320,8552,8157
72067,8113,8271,8384,8320,8553,8152
72319,8118,8268,8382,8320,8554,8155
72573,8118,8269,8382,8321,8551,8148
72825,8118,8277,8380,8320,8551,8150
73079,8119,8274,8382,8319,8553,8155
73334,8113,8276,8382,8319,8553,8152
73588,8119,8271,8384,8320,8554,8158
73844,8118,8272,8382,8321,8553,8157
74101,8115,8268,8388,8319,8553,8148
74355,8118,8272,8383,8320,8551,8146
74613,8121,8271,8385,8321,8553,8150
74888,8117,8270,8385,8319,8554,8157
75161,8116,8270,8382,8319,8551,8145
75418,8124,8274,8383,8318,8553,8139
75675,8119,8270,8383,8322,8553,8150
75934,8113,8274,8385,8319,8555,8150
76190,8117,8272,8383,8318,8553,8158
76449,8116,8274,8383,8320,8553,8152
76713,8119,8269,8386,8320,8553,8151
77003,8118,8276,8384,8318,8553,8151
77294,8119,8274,8383,8319,8553,8150
77592,8119,8277,8382,8320,8554,8156
77889,8117,8271,8386,8321,8551,8151
78187,8118,8272,8384,8321,8553,8154
78483,8115,8271,8384,8320,8551,8148
78781,8119,8274,8382,8319,8553,8155
79080,8116,8272,8383,8318,8553,8156
79379,8116,8269,8385,8320,8550,8142
79679,8118,8279,8380,8321,8554,8155
79977,8115,8269,8382,8320,8551,8150
80297,8121,8272,8382,8321,8551,8148
80662,8119,8274,8380,8321,8551,8150
80918,8123,8276,8384,8319,8554,8148
81212,8117,8274,8383,8319,8555,8155
81502,8117,8270,8385,8319,8554,8157
81796,8117,8274,8383,8320,8551,8148
82090,8118,8277,8383,8321,8552,8144
82383,8119,8269,8387,8320,8553,8147
82681,8123,8274,8382,8319,8553,8150
82978,8119,8271,8383,8320,8553,8148
83283,8117,8272,8383,8318,8551,8151
83578,8119,8270,8382,8322,8552,8150
83874,8117,8268,8382,8323,8551,8155
84171,8118,8270,8382,8319,8553,8160
84467,8116,8266,8387,8319,8552,8150
84762,8119,8276,8383,8319,8553,8148
85069,8118,8268,8385,8322,8552,8152
85378,8119,8271,8383,8321,8555,8160
85686,8121,8269,8385,8321,8553,8154
85990,8117,8274,8382,8320,8552,8148
86293,8113,8271,8383,8320,8552,8150
86605,8115,8274,8382,8319,8552,8150
86914,8115,8271,8385,8321,8554,8150
87221,8111,8268,8385,8320,8554,8154
87527,8118,8276,8382,8322,8550,8144
87839,8121,8267,8387,8321,8553,8152
88147,8117,8272,8382,8320,8551,8150
88457,8117,8272,8385,8318,8553,8153
88768,8115,8274,8385,8320,8555,8152
89079,8115,8271,8387,8321,8554,8156
89390,8121,8272,8383,8321,8552,8157
89702,8126,8270,8385,8318,8552,8149
90009,8123,8277,8385,8321,8553,8148
90309,8113,8272,8383,8321,8554,8152
90612,8118,8274,8383,8319,8553,8155
90931,8119,8274,8382,8321,8553,8155
91233,8123,8274,8383,8319,8554,8150
91540,8117,8268,8386,8319,8553,8155
91847,8113,8272,8383,8321,8554,8152
92157,8118,8278,8382,8319,8554,8155
92463,8118,8269,8387,8320,8553,8152
92772,8116,8272,8381,8320,8552,8146
93082,8114,8269,8385,8320,8553,8150
93392,8112,8272,8381,8320,8552,8150
93697,8115,8274,8382,8320,8554,8157
94005,8117,8270,8384,8322,8554,8156
94315,8119,8274,8382,8321,8553,8150
94642,8123,8272,8380,8320,8551,8150
94941,8115,8267,8387,8320,8553,8144
95289,8118,8264,8386,8319,8551,8151
95579,8118,8270,8383,8319,8552,8156
95917,8115,8269,8385,8321,8555,8158
96269,8119,8274,8386,8320,8556,8154
96531,8116,8279,8383,8320,8553,8148
96835,8115,8262,8387,8320,8552,8149
97171,8117,8272,8382,8320,8551,8150
97459,8115,8267,8384,8321,8553,8156
97775,8112,8269,8384,8321,8552,8148
98098,8115,8271,8382,8321,8555,8155
98415,8119,8274,8382,8321,8553,8150
98713,8115,8269,8384,8321,8554,8158
99018,8115,8274,8382,8319,8552,8150
99326,8119,8274,8385,8320,8555,8154
99634,8111,8271,8383,8321,8554,8150
99943,8115,8277,8383,8320,8554,8150
100253,8113,8276,8383,8319,8552,8146
100562,8117,8274,8383,8320,8551,8148
100875,8120,8272,8383,8317,8554,8151
101186,8118,8274,8385,8319,8553,8152
101495,8118,8276,8385,8318,8552,8147
101806,8111,8266,8387,8320,8554,8152
102122,8114,8274,8381,8321,8553,8154
102435,8121,8271,8383,8321,8553,8155
102815,8114,8274,8383,8321,8553,8155
103085,8115,8267,8386,8318,8552,8149
103400,8117,8276,8381,8322,8553,8155
103716,8119,8277,8383,8320,8555,8146
104036,8117,8274,8383,8320,8551,8144
104342,8121,8274,8383,8320,8552,8152
104656,8118,8276,8383,8319,8554,8157
104974,8115,8277,8383,8320,8554,8155
105286,8113,8274,8383,8319,8551,8148
105594,8119,8270,8383,8322,8553,8155
105910,8113,8274,8383,8319,8555,8156
106225,8117,8272,8386,8321,8554,8148
106540,8121,8270,8383,8322,8551,8146
106854,8112,8272,8383,8320,8552,8146
107166,8119,8271,8383,8320,8553,8148
107478,8115,8274,8384,8322,8554,8150
107798,8113,8276,8383,8319,8554,8161
108111,8117,8272,8386,8321,8554,8149
108428,8115,8271,8385,8320,8552,8148
108744,8114,8265,8387,8320,8553,8152
109055,8113,8271,8385,8320,8554,8152
109372,8117,8268,8385,8322,8554,8157
109686,8115,8271,8383,8321,8554,8155
110003,8118,8274,8383,8321,8553,8155
110322,8114,8272,8383,8321,8552,8148
110635,8116,8270,8385,8322,8555,8156
110951,8115,8268,8385,8323,8554,8150
111266,8121,8272,8386,8321,8555,8154
111585,8119,8268,8386,8319,8552,8149
111901,8115,8271,8386,8321,8554,8160
112217,8118,8269,8385,8320,8553,8146
112531,8119,8270,8383,8322,8553,8150
112839,8121,8274,8385,8320,8553,8148
113162,8116,8272,8385,8320,8552,8146
113482,8112,8266,8384,8320,8553,8156
113800,8111,8268,8385,8320,8555,8158
114119,8117,8277,8381,8321,8554,8148
114436,8121,8267,8383,8321,8553,8160
114756,8118,8274,8383,8321,8553,8155
115070,8115,8277,8381,8320,8554,8145
115387,8116,8272,8385,8320,8552,8146
115726,8119,8276,8381,8319,8553,8157
116049,8121,8267,8386,8321,8553,8155
116355,8121,8271,8385,8320,8552,8148
116669,8119,8267,8386,8320,8553,8154
116992,8118,8277,8381,8321,8552,8152
117308,8116,8279,8385,8320,8553,8152
117628,8118,8277,8383,8321,8552,8157
117949,8122,8272,8385,8318,8554,8158
118263,8118,8278,8383,8319,8553,8150
118587,8120,8277,8382,8318,8553,8151
118906,8119,8269,8384,8320,8552,8150
119222,8119,8270,8384,8322,8553,8152
119542,8114,8272,8383,8321,8552,8148
119861,8115,8269,8386,8321,8555,8154
120177,8119,8271,8385,8320,8553,8154
120497,8119,8274,8387,8319,8553,8150
120814,8119,8269,8385,8320,8553,8150
121133,8117,8272,8383,8321,8554,8157
121453,8121,8272,8382,8320,8552,8150
121810,8115,8276,8382,8322,8552,8148
122115,8115,8271,8384,8320,8551,8148
122436,8116,8268,8384,8319,8554,8163
122754,8114,8269,8385,8320,8553,8150
123086,8115,8271,8383,8321,8554,8159
123405,8118,8279,8381,8322,8552,8148
123709,8116,8265,8386,8321,8553,8154
124030,8114,8274,8381,8319,8553,8146
124350,8112,8270,8385,8320,8554,8150
124667,8116,8274,8381,8320,8553,8148
124988,8115,8267,8385,8321,8554,8156
125314,8118,8271,8384,8321,8556,8156
125650,8112,8274,8383,8320,8553,8148
125972,8114,8270,8383,8322,8553,8150
126282,8117,8271,8386,8320,8554,8154
126596,8115,8266,8383,8323,8553,8157
126919,8118,8272,8385,8321,8552,8148
127240,8113,8274,8382,8319,8554,8150
127617,8120,8277,8382,8318,8555,8153
127901,8113,8271,8382,8320,8553,8157
128240,8113,8271,8382,8320,8553,8157
128553,8115,8271,8382,8323,8552,8152
128871,8119,8271,8385,8321,8554,8155
129191,8117,8269,8384,8321,8552,8152
129513,8124,8269,8385,8320,8553,8146
129835,8118,8274,8381,8322,8552,8152
130152,8115,8269,8383,8320,8552,8150
130468,8112,8274,8385,8319,8553,8148
130788,8115,8274,8382,8322,8553,8155
131107,8111,8277,8381,8320,8554,8155
131430,8115,8269,8384,8321,8554,8148
131748,8119,8271,8386,8320,8553,8148
132066,8117,8272,8385,8318,8553,8153
132384,8120,8265,8386,8318,8553,8149
132704,8119,8274,8383,8321,8552,8150
133030,8117,8271,8382,8320,8550,8144
133349,8117,8277,8383,8321,8554,8152
133670,8118,8274,8384,8319,8553,8155
133994,8116,8272,8384,8320,8552,8150
134315,8114,8269,8385,8320,8553,8150
134633,8119,8274,8383,8319,8552,8150
134956,8116,8270,8386,8322,8555,8155
135279,8118,8271,8386,8321,8556,8160
135602,8112,8277,8383,8320,8552,8155
135921,8117,8277,8382,8321,8554,8147
136239,8118,8270,8385,8322,8553,8150
136561,8116,8274,8385,8320,8553,8157
136920,8121,8274,8381,8320,8554,8152
137237,8115,8280,8382,8321,8552,8150
137564,8118,8274,8383,8319,8553,8146
137879,8121,8274,8385,8322,8555,8154
138216,8121,8271,8384,8321,8553,8155
138542,8116,8272,8383,8320,8552,8150
138860,8119,8274,8384,8319,8552,8150
139190,8116,8282,8383,8322,8552,8155
139513,8118,8276,8385,8321,8555,8152
139833,8121,8274,8385,8320,8554,8144
140161,8118,8271,8386,8321,8556,8160
140481,8121,8276,8383,8322,8556,8159
140808,8121,8272,8384,8321,8554,8158
141136,8119,8270,8382,8322,8552,8150
141454,8117,8277,8381,8321,8554,8157
141781,8117,8274,8383,8321,8555,8159
142108,8121,8274,8383,8320,8552,8152
142436,8116,8274,8383,8320,8553,8152
142760,8113,8274,8383,8319,8555,8156
143089,8121,8274,8386,8320,8554,8148
143413,8119,8269,8386,8320,8553,8151
143748,8115,8274,8384,8322,8554,8150
144075,8118,8272,8383,8321,8552,8152
144398,8117,8269,8385,8321,8552,8149
144727,8117,8268,8385,8322,8554,8158
145057,8116,8269,8385,8321,8553,8152
145382,8115,8282,8381,8322,8554,8149
145710,8115,8274,8385,8320,8555,8152
146040,8117,8268,8385,8319,8553,8149
146367,8116,8279,8381,8320,8553,8152
146692,8121,8274,8381,8320,8554,8152
147014,8117,8268,8385,8322,8554,8157
147344,8119,8270,8383,8322,8553,8150
147685,8115,8267,8385,8321,8554,8156
148003,8118,8274,8382,8319,8554,8155
148324,8118,8272,8384,8318,8551,8147
148641,8119,8277,8380,8320,8554,8146
148978,8114,8274,8383,8319,8553,8150
149305,8115,8276,8381,8322,8553,8152
149630,8118,8277,8381,8321,8552,8152
149954,8115,8277,8383,8320,8554,8155
150280,8118,8274,8385,8319,8553,8150
150610,8117,8274,8383,8318,8553,8148
150937,8117,8276,8381,8318,8554,8142
151266,8118,8276,8385,8321,8555,8152
151590,8112,8270,8385,8322,8555,8150
151926,8115,8274,8383,8320,8555,8157
152251,8114,8278,8384,8319,8553,8155
152591,8122,8278,8382,8318,8554,8144
152908,8115,8274,8382,8320,8555,8152
153251,8119,8271,8385,8320,8553,8152
153584,8122,8272,8383,8317,8556,8151
153924,8119,8274,8383,8321,8552,8146
154244,8112,8269,8385,8321,8553,8148
154573,8119,8272,8385,8317,8553,8139
154951,8119,8277,8381,8323,8554,8152
155266,8115,8267,8385,8321,8554,8156
155602,8117,8276,8379,8322,8551,8152
155937,8117,8271,8381,8323,8553,8155
156266,8117,8274,8386,8318,8553,8149
156588,8122,8270,8381,8319,8555,8156
156923,8116,8278,8385,8318,8555,8153
157255,8116,8272,8382,8320,8552,8146
157588,8116,8272,8386,8318,8555,8155
157917,8122,8274,8383,8318,8555,8151
158248,8118,8278,8381,8319,8553,8150
158583,8116,8274,8381,8321,8555,8155
158912,8117,8272,8382,8321,8554,8152
159244,8113,8271,8385,8320,8552,8146
159572,8113,8276,8381,8319,8552,8145
159903,8113,8271,8383,8320,8554,8157
160234,8126,8274,8385,8322,8555,8157
160565,8117,8269,8387,8318,8554,8147
160897,8119,8270,8383,8322,8553,8150
161227,8121,8269,8385,8321,8554,8148
161553,8125,8265,8383,8318,8552,8156
161884,8111,8277,8383,8320,8554,8155
162218,8115,8276,8385,8319,8552,8144
162539,8115,8270,8384,8322,8552,8146
162872,8117,8270,8383,8319,8554,8156
163205,8115,8270,8385,8319,8554,8149
163535,8115,8277,8385,8320,8554,8146
163868,8117,8274,8386,8318,8553,8149
164194,8116,8269,8385,8321,8553,8152
164524,8119,8271,8383,8320,8553,8148
164855,8117,8278,8383,8319,8555,8150
165188,8121,8277,8381,8320,8553,8149
165519,8114,8276,8381,8322,8555,8157
165848,8119,8271,8383,8321,8555,8155
166176,8122,8274,8381,8318,8555,8151
166506,8118,8274,8381,8319,8553,8155
166838,8115,8271,8383,8323,8553,8152
167166,8118,8277,8383,8318,8555,8156
167498,8118,8274,8383,8321,8553,8150
167828,8115,8277,8381,8320,8554,8159
168163,8116,8274,8383,8320,8553,8152
168498,8122,8272,8381,8318,8554,8149
168831,8113,8276,8383,8319,8554,8152
169162,8122,8268,8381,8319,8553,8147
169493,8118,8269,8385,8320,8553,8156
169828,8113,8271,8385,8320,8554,8152
170163,8119,8271,8383,8320,8553,8148
170498,8118,8274,8383,8321,8553,8155
170833,8117,8277,8381,8320,8552,8150
171168,8124,8269,8383,8320,8553,8150
171502,8116,8274,8385,8320,8553,8148
171836,8124,8271,8383,8318,8552,8145
172170,8117,8272,8383,8321,8554,8157
172503,8117,8272,8385,8321,8554,8154
172831,8122,8270,8381,8319,8553,8147
173163,8115,8271,8384,8320,8551,8148
173499,8118,8268,8382,8320,8554,8159
173834,8118,8268,8382,8320,8554,8155
174167,8126,8271,8383,8321,8553,8150
174501,8117,8262,8386,8319,8554,8156
174836,8117,8277,8383,8321,8554,8152
175169,8123,8274,8381,8322,8553,8157
175505,8115,8274,8383,8322,8554,8155
175839,8121,8269,8381,8320,8551,8146
176172,8115,8271,8385,8321,8554,8152
176503,8121,8274,8382,8320,8552,8147
176837,8124,8274,8380,8319,8552,8149
177170,8119,8271,8382,8320,8553,8143
177503,8113,8271,8386,8320,8554,8148
177838,8118,8274,8381,8319,8553,8150
178171,8118,8274,8381,8319,8553,8150
178503,8114,8269,8385,8320,8553,8150
178838,8121,8274,8385,8320,8554,8144
179175,8118,8270,8383,8319,8552,8151
179507,8115,8267,8383,8321,8554,8152
179844,8118,8272,8381,8320,8551,8150
180180,8119,8271,8383,8320,8553,8148
180515,8123,8270,8383,8322,8554,8150
180851,8117,8270,8383,8319,8554,8151
181188,8121,8274,8383,8320,8552,8144
181524,8115,8279,8386,8320,8555,8152
181860,8125,8274,8384,8323,8553,8150
182194,8117,8271,8383,8320,8554,8152
182530,8120,8270,8383,8319,8553,8153
182868,8119,8271,8383,8320,8553,8148
183206,8113,8278,8383,8319,8555,8155
183542,8117,8269,8383,8318,8554,8147
183886,8122,8274,8382,8318,8554,8151
184227,8116,8276,8385,8319,8556,8148
184566,8119,8274,8383,8321,8553,8155
184900,8117,8271,8383,8320,8554,8152
185235,8121,8265,8389,8321,8554,8149
185572,8116,8272,8384,8320,8552,8150
185907,8122,8270,8383,8319,8555,8156
186242,8121,8269,8383,8321,8554,8152
186577,8115,8267,8386,8320,8552,8148
186959,8121,8268,8383,8322,8555,8157
187291,8121,8269,8386,8321,8554,8144
187628,8125,8271,8384,8320,8552,8144
187965,8118,8269,8384,8320,8553,8150
188300,8118,8269,8384,8320,8553,8150
188635,8117,8268,8382,8320,8555,8150
188976,8116,8269,8386,8321,8553,8158
189312,8118,8274,8385,8319,8553,8150
189647,8121,8274,8385,8320,8554,8152
189982,8119,8267,8386,8320,8553,8154
190319,8117,8265,8386,8321,8552,8148
190658,8115,8274,8383,8319,8552,8155
190993,8117,8271,8383,8320,8554,8152
191330,8113,8270,8383,8321,8552,8148
191666,8119,8270,8383,8319,8554,8158
192006,8126,8278,8383,8318,8554,8145
192343,8121,8269,8383,8321,8553,8148
192681,8115,8269,8383,8320,8552,8155
193021,8122,8270,8386,8319,8555,8152
193361,8115,8279,8385,8320,8555,8148
193699,8119,8274,8384,8322,8555,8155
194038,8120,8271,8341,8339,8504,8169
194378,8139,8249,8395,8403,8571,8137
194718,8094,8194,8168,8688,8348,8132
195057,8082,8238,7976,8466,8298,8179
195397,8130,8282,8377,8327,8553,8152
195739,8126,8276,8381,8330,8550,8145
196081,8117,8269,8385,8347,8555,8152
196423,8121,8266,8377,8340,8548,8148
196765,8124,8273,8381,8339,8548,8138
197107,8054,8316,7980,8177,8297,8171
197449,8078,8292,8140,8210,8360,8186
197792,8119,8283,8389,8315,8543,8149
198135,8116,8277,8388,8318,8545,8156
198476,8116,8270,8386,8319,8547,8149
198817,8113,8270,8385,8318,8549,8147
199158,8131,8265,8396,8334,8586,8141
199501,8083,8290,8489,8323,8369,8087
199843,8033,8321,8530,8109,8350,8202
200186,8121,8276,8394,8299,8538,8153
200530,8125,8277,8393,8313,8543,8159
200874,8117,8277,8390,8315,8546,8159
201218,8116,8274,8386,8316,8547,8149
201562,8122,8277,8389,8317,8564,8163
201907,8134,8262,8415,8349,8580,8125
202250,8133,8264,8584,8386,8544,8126
202593,8114,8310,8705,8250,8470,8118
202939,8109,8333,8798,8148,8524,8111
203285,8116,8341,8830,8136,8496,8113
203632,8105,8331,8831,8158,8478,8121
203978,8103,8310,8726,8228,8511,8127
204322,8124,8287,8464,8245,8536,8131
204666,8117,8273,8397,8300,8542,8156
205010,8122,8272,8389,8295,8538,8153
205352,8122,8271,8328,8292,8528,8160
205693,8115,8257,8199,8363,8440,8165
206035,8078,8220,7895,8532,8169,8204
206375,8106,8211,7940,8552,8260,8159
206716,8103,8206,7987,8639,8270,8176
207059,8117,8256,8303,8427,8457,8163
207403,8129,8270,8383,8330,8548,8144
207746,8124,8266,8382,8324,8548,8146
208089,8120,8276,8383,8310,8570,8137
208433,8130,8290,8475,8262,8587,8101
208778,8145,8305,8676,8222,8648,8107
209122,8137,8336,8816,8068,8602,8068
209465,8107,8335,8894,8100,8475,8062
209811,8107,8310,8680,8195,8497,8096
210157,8105,8288,8462,8260,8511,8148
210499,8117,8275,8401,8303,8543,8162
210838,8123,8282,8392,8296,8553,8145
211182,8154,8311,8329,8076,8739,8133
211525,8140,8200,8404,8644,8447,8170
211868,8123,8244,8546,8351,8649,8132
212212,8197,8219,8450,8661,8588,8154
212554,8137,8320,8435,8107,8764,8110
212895,8201,8175,8535,8878,8583,8173
213237,8120,8249,8475,8379,8634,8132
213578,8142,8264,8395,8337,8627,8153
213922,8123,8276,8381,8325,8558,8161
214268,8123,8272,8387,8324,8558,8156
214612,8118,8272,8383,8322,8556,8155
214956,8121,8264,8387,8323,8555,8158
215301,8118,8270,8386,8322,8555,8154
215647,8122,8266,8385,8319,8555,8157
215992,8118,8270,8387,8322,8553,8146
216336,8116,8274,8385,8320,8553,8148
216679,8115,8269,8384,8320,8552,8150
217020,8115,8267,8386,8320,8553,8148
217361,8115,8267,8385,8320,8552,8152
217706,8114,8272,8385,8321,8552,8152
218051,8118,8274,8385,8319,8553,8150
218392,8114,8268,8385,8322,8552,8148
218733,8117,8272,8385,8321,8554,8152
219076,8116,8265,8388,8319,8553,8159
219420,8117,8268,8385,8319,8552,8151
219766,8116,8274,8384,8322,8552,8155
220111,8117,8274,8383,8320,8551,8148
220457,8116,8271,8386,8321,8552,8155
220802,8119,8276,8385,8318,8551,8143
221149,8115,8271,8387,8320,8552,8154
221495,8119,8265,8385,8319,8554,8158
221839,8115,8267,8387,8320,8552,8148
222184,8114,8267,8386,8318,8553,8155
222528,8112,8281,8384,8320,8552,8146
222876,8122,8270,8386,8319,8553,8147
223220,8118,8266,8387,8319,8552,8156
223565,8115,8271,8384,8321,8554,8159
223966,8115,8271,8383,8320,8552,8152
224308,8116,8269,8385,8321,8553,8152
224659,8121,8269,8383,8321,8554,8152
225008,8116,8270,8384,8322,8550,8155
225356,8122,8266,8386,8319,8554,8143
225703,8118,8277,8381,8321,8552,8152
226048,8115,8269,8385,8320,8552,8146
226396,8120,8268,8380,8319,8552,8153
226745,8111,8269,8383,8320,8552,8146
227093,8120,8268,8384,8319,8551,8149
227449,8115,8276,8383,8319,8552,8157
227801,8116,8271,8385,8321,8552,8155
228156,8115,8271,8385,8320,8552,8148
228510,8118,8270,8383,8321,8550,8148
228861,8115,8267,8386,8320,8553,8157
229211,8115,8267,8387,8321,8554,8150
229555,8121,8271,8386,8320,8552,8152
229901,8122,8268,8387,8318,8551,8147
230248,8121,8271,8384,8321,8553,8155
230595,8111,8266,8387,8320,8554,8150
230942,8118,8272,8383,8321,8552,8152
231295,8118,8269,8387,8320,8553,8150
231638,8116,8272,8385,8320,8552,8146
231982,8116,8272,8384,8320,8552,8150
232330,8121,8272,8386,8320,8553,8150
232677,8115,8267,8383,8320,8552,8157
233026,8119,8271,8385,8320,8553,8152
233371,8117,8274,8386,8319,8555,8155
233718,8117,8271,8386,8320,8554,8152
234063,8115,8271,8386,8320,8552,8144
234409,8115,8271,8383,8320,8552,8144
234754,8114,8274,8385,8319,8553,8146
235100,8117,8271,8388,8320,8554,8158
235447,8122,8270,8387,8319,8553,8151
235795,8118,8274,8383,8319,8553,8146
236145,8116,8267,8385,8321,8552,8150
236493,8115,8271,8383,8321,8554,8155
236840,8120,8270,8386,8318,8553,8155
237189,8115,8276,8383,8322,8553,8148
237538,8124,8268,8384,8319,8553,8154
237889,8119,8274,8386,8318,8552,8153
238240,8115,8274,8385,8319,8552,8150
238592,8117,8277,8384,8320,8552,8146
238942,8119,8271,8385,8320,8553,8144
239290,8116,8274,8383,8322,8552,8150
239639,8118,8266,8384,8319,8552,8151
239992,8119,8271,8382,8319,8551,8146
240345,8119,8271,8383,8320,8553,8157
240696,8119,8269,8385,8320,8553,8150
241045,8114,8280,8382,8321,8553,8145
241397,8116,8271,8384,8323,8555,8155
241747,8119,8274,8384,8321,8553,8155
242100,8113,8271,8385,8320,8552,8146
242453,8115,8269,8383,8320,8550,8148
242806,8115,8271,8385,8320,8552,8157
243158,8116,8270,8385,8319,8552,8153
243508,8113,8271,8386,8320,8554,8148
243862,8116,8269,8385,8321,8553,8152
244212,8116,8267,8385,8321,8552,8150
244563,8116,8272,8384,8320,8552,8150
244912,8118,8268,8385,8322,8552,8152
245262,8115,8269,8387,8320,8552,8142
245612,8116,8269,8385,8321,8553,8152
245961,8116,8272,8385,8320,8552,8146
246311,8117,8274,8383,8320,8551,8148
246660,8113,8274,8384,8320,8552,8148
247013,8115,8270,8384,8322,8552,8146
247364,8115,8270,8384,8319,8554,8154
247716,8114,8269,8384,8320,8553,8155
248067,8121,8270,8386,8323,8553,8157
248419,8119,8271,8385,8320,8553,8152
248771,8115,8269,8384,8320,8552,8150
249123,8115,8271,8382,8320,8552,8147
249474,8119,8269,8387,8320,8553,8146
249826,8114,8269,8385,8320,8553,8150
250178,8116,8269,8385,8321,8553,8152
250530,8119,8270,8386,8319,8554,8149
250883,8119,8274,8384,8319,8552,8150
251242,8110,8267,8385,8320,8552,8148
251601,8118,8264,8385,8320,8553,8150
251960,8116,8272,8385,8320,8552,8146
252318,8118,8274,8381,8321,8553,8159
252670,8123,8270,8383,8322,8554,8155
253025,8114,8267,8384,8319,8555,8156
253380,8121,8279,8382,8323,8553,8155
253734,8119,8271,8383,8321,8555,8155
254087,8117,8272,8382,8318,8553,8153
254441,8121,8277,8384,8320,8553,8151
254798,8117,8270,8383,8321,8552,8152
255153,8118,8271,8385,8320,8554,8158
255509,8118,8269,8385,8320,8553,8156
255862,8119,8271,8386,8321,8555,8155
256215,8121,8269,8385,8321,8554,8148
256568,8109,8278,8384,8319,8551,8143
256922,8117,8270,8385,8321,8552,8148
257277,8121,8268,8385,8322,8552,8148
257639,8119,8270,8385,8322,8554,8152
257994,8125,8269,8386,8321,8554,8148
258351,8118,8277,8386,8321,8552,8148
258708,8119,8271,8383,8321,8555,8155
259063,8117,8265,8385,8321,8552,8152
259418,8117,8277,8383,8321,8554,8152
259776,8124,8281,8384,8322,8552,8150
260131,8116,8267,8384,8321,8552,8155
260486,8117,8274,8385,8318,8553,8153
260842,8113,8274,8383,8320,8552,8152
261200,8115,8271,8385,8320,8552,8148
261557,8118,8274,8384,8321,8553,8159
261915,8117,8266,8387,8320,8554,8158
262272,8117,8272,8384,8321,8554,8157
262627,8116,8272,8384,8320,8552,8150
262983,8118,8269,8383,8320,8553,8155
263341,8111,8272,8386,8318,8553,8156
263698,8119,8276,8384,8319,8553,8143
264056,8119,8268,8386,8322,8552,8152
264415,8113,8271,8385,8320,8554,8152
264774,8119,8271,8385,8320,8553,8144
265132,8117,8270,8383,8321,8552,8152
265490,8113,8268,8382,8322,8554,8161
265848,8121,8272,8384,8320,8553,8145
266267,8119,8274,8385,8318,8552,8149
266623,8118,8269,8385,8320,8553,8146
266984,8112,8274,8382,8321,8555,8159
267344,8121,8267,8386,8321,8553,8155
267705,8118,8269,8384,8320,8553,8159
268063,8119,8270,8385,8322,8553,8146
268424,8115,8276,8380,8319,8552,8147
268785,8122,8276,8384,8318,8553,8147
269144,8113,8266,8386,8320,8552,8151
269503,8121,8271,8386,8320,8552,8139
269864,8118,8270,8384,8322,8553,8155
270224,8117,8276,8385,8318,8554,8151
270582,8116,8269,8385,8321,8553,8152
270943,8121,8269,8383,8321,8554,8152
271303,8119,8276,8384,8321,8553,8145
271664,8113,8271,8383,8320,8554,8157
272026,8115,8271,8384,8321,8554,8155
272387,8118,8268,8383,8322,8552,8148
272746,8116,8266,8385,8319,8552,8158
273107,8117,8268,8385,8319,8553,8149
273469,8119,8269,8383,8320,8553,8149
273831,8118,8270,8385,8319,8552,8151
274188,8118,8274,8384,8319,8553,8146
274547,8117,8274,8383,8319,8555,8155
274909,8116,8267,8384,8321,8552,8155
275273,8113,8265,8385,8321,8552,8148
275633,8118,8272,8383,8321,8552,8152
275991,8117,8271,8386,8323,8553,8155
276347,8116,8271,8382,8320,8551,8144
276703,8117,8270,8384,8319,8554,8152
277063,8117,8270,8383,8321,8552,8152
277425,8119,8269,8384,8320,8553,8155
277789,8116,8274,8383,8322,8552,8150
278148,8117,8272,8385,8318,8553,8153
278506,8123,8270,8386,8322,8554,8155
278867,8115,8271,8384,8321,8554,8155
279231,8119,8272,8383,8322,8555,8159
279595,8114,8269,8384,8320,8553,8155
279960,8117,8274,8388,8317,8554,8161
280320,8115,8278,8383,8322,8554,8150
280694,8111,8277,8384,8320,8554,8155
281066,8121,8277,8384,8320,8553,8159
281426,8119,8269,8387,8320,8553,8156
281783,8117,8269,8385,8323,8551,8142
282162,8119,8276,8384,8321,8553,8145
282537,8118,8266,8384,8319,8552,8152
282899,8115,8267,8384,8321,8554,8151
283263,8119,8277,8383,8320,8555,8150
283633,8121,8274,8384,8321,8556,8159
284008,8117,8270,8384,8321,8552,8143
284378,8117,8268,8384,8320,8555,8155
284745,8114,8280,8382,8321,8553,8145
285115,8116,8272,8387,8321,8556,8154
285483,8122,8272,8386,8318,8554,8149
285852,8114,8270,8383,8323,8555,8157
286212,8119,8270,8383,8322,8553,8155
286576,8115,8271,8384,8321,8554,8155
286940,8111,8272,8384,8320,8554,8150
287305,8117,8271,8383,8320,8554,8152
287674,8117,8278,8384,8319,8555,8151
288048,8121,8274,8386,8320,8554,8153
288419,8115,8272,8383,8320,8554,8149
288790,8119,8271,8383,8321,8555,8155
288843,8114,8271,8384,8320,8551,8146
288922,8113,8276,8386,8319,8554,8157
288996,8111,8277,8382,8320,8554,8155
289053,8118,8276,8382,8319,8554,8157
289119,8115,8271,8384,8320,8552,8153
289169,8117,8274,8384,8319,8555,8151
289219,8117,8270,8387,8319,8554,8156
289269,8112,8268,8384,8320,8553,8157
289319,8114,8274,8384,8319,8553,8151
289369,8118,8272,8386,8321,8552,8148
289419,8118,8270,8384,8322,8553,8155
289469,8122,8270,8384,8319,8555,8147
289519,8119,8276,8383,8319,8553,8152
289569,8113,8271,8383,8320,8554,8157
289619,8118,8270,8383,8319,8552,8151
289669,8118,8276,8381,8319,8554,8152
289719,8116,8277,8385,8321,8556,8152
