1.366475524902343750e+02 -2.876361083984375000e+01 8.351730957031250000e+02
8.677104187011718750e+01 1.272112274169921875e+01 8.369542846679687500e+02
7.137156677246093750e+01 -5.134371185302734375e+01 7.267508544921875000e+02
4.477882003784179688e+01 -1.013494491577148438e+02 6.296585083007812500e+02
3.728925704956054688e+01 9.286551666259765625e+01 7.799150390625000000e+02
4.467908477783203125e+01 2.335649299621582031e+01 7.547309570312500000e+02
4.147843933105468750e+01 -3.000273132324218750e+01 8.546302490234375000e+02
8.349766731262207031e+00 -5.328510284423828125e+01 8.204105834960937500e+02
-2.919780492782592773e+00 4.176266193389892578e+00 8.445581054687500000e+02
1.394461512565612793e+00 -6.243690490722656250e+00 8.433858642578125000e+02
-7.213382720947265625e+01 -1.725519371032714844e+01 7.572672119140625000e+02
-1.104329452514648438e+02 5.038959026336669922e+00 8.062555541992187500e+02
-1.954532012939453125e+02 -1.918737983703613281e+01 8.839581298828125000e+02
-6.820056152343750000e+01 2.378835678100585938e+01 7.677230224609375000e+02
