-1.772018737792968750e+02 -2.827145767211914062e+01 1.111026245117187500e+03
-1.489792480468750000e+02 -3.210721969604492188e+01 1.244118896484375000e+03
-1.761544036865234375e+02 -8.772628021240234375e+01 1.109035522460937500e+03
-1.483345489501953125e+02 -9.211418151855468750e+01 1.241771118164062500e+03
1.770212364196777344e+01 -8.258930969238281250e+01 1.067824462890625000e+03
4.601985168457031250e+01 -8.672087860107421875e+01 1.200599609375000000e+03
1.726902961730957031e+01 -4.347813034057617188e+01 1.070051025390625000e+03
4.604013824462890625e+01 -4.629189682006835938e+01 1.202077270507812500e+03
-3.578755950927734375e+01 -4.278068542480468750e+01 1.010156494140625000e+03
-2.869016647338867188e+01 5.642663002014160156e+00 1.050421264648437500e+03
-2.308311843872070312e+01 5.461305236816406250e+01 1.080567260742187500e+03
-3.734065246582031250e+01 1.068791961669921875e+02 1.014870117187500000e+03
-1.285975799560546875e+02 1.032575531005859375e+02 1.064050415039062500e+03
-1.261038284301757812e+02 5.343330001831054688e+01 1.071900756835937500e+03
-1.175503158569335938e+02 2.184460878372192383e+00 1.109270019531250000e+03
-1.150971374511718750e+02 -4.742814636230468750e+01 1.117336303710937500e+03
-1.902562866210937500e+02 -4.968391799926757812e+01 1.142759033203125000e+03
-2.031403503417968750e+02 1.684607148170471191e+00 1.087005859375000000e+03
-1.976841888427734375e+02 5.016091156005859375e+01 1.117270263671875000e+03
-2.139806060791015625e+02 7.289856719970703125e+01 1.041315795898437500e+03
