2.123565368652343750e+02 -1.739445686340332031e+01 1.027327392578125000e+03
2.393859252929687500e+02 -2.114580154418945312e+01 1.160535644531250000e+03
2.136483154296875000e+02 -7.699822235107421875e+01 1.025823974609375000e+03
2.406652984619140625e+02 -8.093370056152343750e+01 1.158176513671875000e+03
1.858540725708007812e+01 -8.155738830566406250e+01 1.066265869140625000e+03
4.597115707397460938e+01 -8.458296203613281250e+01 1.199390991210937500e+03
1.768945884704589844e+01 -4.202623748779296875e+01 1.067927612304687500e+03
4.445480728149414062e+01 -4.572965621948242188e+01 1.200795898437500000e+03
1.758388824462890625e+02 1.127891082763671875e+02 9.688911743164062500e+02
1.908725585937500000e+02 6.109772872924804688e+01 1.034166748046875000e+03
1.863453979492187500e+02 1.274558162689208984e+01 1.003275817871093750e+03
1.794070587158203125e+02 -3.613359451293945312e+01 9.633874511718750000e+02
1.057546463012695312e+02 -3.813164901733398438e+01 9.991094970703125000e+02
1.145522613525390625e+02 1.012169647216796875e+01 1.048543823242187500e+03
9.947518157958984375e+01 6.114184951782226562e+01 9.831159057617187500e+02
9.991540527343750000e+01 1.108575057983398438e+02 9.940298461914062500e+02
1.813662719726562500e+01 1.094160461425781250e+02 9.908206176757812500e+02
2.914507484436035156e+01 5.821759414672851562e+01 1.037972534179687500e+03
3.626165008544921875e+01 7.993892192840576172e+00 1.065678466796875000e+03
3.125478935241699219e+01 -4.073122024536132812e+01 1.034888793945312500e+03
