232.174393 -19.140434 935.724121
267.101105 -24.474010 1104.054932
233.421051 -78.926476 934.348877
268.056183 -84.479759 1102.653442
87.299599 -81.734253 964.296631
122.359840 -86.792671 1131.895996
86.529663 -42.207172 966.064697
121.474701 -48.117611 1133.744751
226.047668 106.928497 1021.607300
221.098740 57.894272 991.026672
238.053955 5.784231 1065.716431
244.548264 -44.870979 1092.231567
161.285614 -45.018913 1079.921021
154.468994 5.230359 1052.963135
157.711884 54.092281 1074.469238
144.401520 105.875443 1017.926270
82.525429 101.375793 1111.169189
79.916588 52.352772 1090.029175
78.615448 3.041812 1079.114624
77.317566 -45.682911 1067.126465
