-157.179871 -29.839594 1018.670349
-121.284325 -35.184128 1187.562744
-156.312149 -88.742844 1017.151306
-120.669128 -94.422318 1184.969727
85.850334 -83.162971 966.553467
121.162346 -88.429672 1134.293457
85.467850 -43.533016 968.070740
120.737785 -49.180164 1135.949341
13.982096 -48.163639 1062.720703
21.550133 -0.181577 1102.811401
15.531080 50.699524 1075.893433
19.123581 99.473244 1096.678223
-76.071251 96.481575 1126.290649
-83.999542 48.503498 1086.771240
-83.365891 -1.104622 1085.098999
-84.810196 -50.100262 1073.421997
-153.597855 -52.799000 1127.930176
-156.242477 -3.059829 1119.534546
-167.168549 47.682705 1074.080078
-151.294342 64.813423 1150.898560
