0.420000 -0.200000 0.200000
0.420000 -0.200000 0.024000
0.360000 -0.200000 0.200000
0.360000 -0.200000 0.024000
0.360000 0.050000 0.200000
0.360000 0.050000 0.024000
0.400000 0.050000 0.200000
0.400000 0.050000 0.024000
0.400000 -0.040000 0.120000
0.450000 -0.040000 0.080000
0.500000 -0.040000 0.110000
0.550000 -0.040000 0.090000
0.550000 -0.140000 0.080000
0.500000 -0.140000 0.120000
0.450000 -0.140000 0.120000
0.400000 -0.140000 0.130000
0.400000 -0.220000 0.090000
0.450000 -0.220000 0.100000
0.500000 -0.220000 0.150000
0.520000 -0.220000 0.070000
