231.978912 -19.157627 936.609314
266.801147 -24.966702 1104.830566
233.516693 -78.958817 934.731750
268.054901 -84.003105 1102.664185
87.336052 -81.768379 964.699280
122.475639 -87.359138 1132.950562
86.565613 -42.224709 966.466125
121.541023 -47.659462 1134.372925
226.099960 106.953239 1021.843689
221.609634 57.916225 991.360413
238.092422 5.785166 1065.888672
245.105209 -44.886852 1092.571045
161.344147 -45.497688 1080.304199
154.563828 5.233570 1053.609619
157.255173 54.093384 1074.521240
144.533661 105.972336 1018.857788
82.560188 100.943619 1111.656128
79.966682 52.385590 1090.712402
79.083160 3.042104 1079.204590
77.838196 -46.176868 1068.002197
