-1.136860961914062500e+02 4.306755065917968750e+01 1.113005981445312500e+03
-8.776663970947265625e+01 3.917414855957031250e+01 1.231196533203125000e+03
-1.182194747924804688e+02 -7.561314392089843750e+01 1.109844604492187500e+03
-9.290366363525390625e+01 -7.938250732421875000e+01 1.228532348632812500e+03
7.614824676513671875e+01 -8.002251434326171875e+01 1.069034057617187500e+03
1.018459167480468750e+02 -8.333603668212890625e+01 1.187385009765625000e+03
8.043164825439453125e+01 3.868857192993164062e+01 1.072282348632812500e+03
1.060491027832031250e+02 1.503220748901367188e+01 1.190147460937500000e+03
3.468628692626953125e+01 -3.896861267089843750e+01 1.058885742187500000e+03
4.441468048095703125e+01 9.647417068481445312e+00 1.098822265625000000e+03
5.238956451416015625e+01 5.802665328979492188e+01 1.128730102539062500e+03
4.034744644165039062e+01 1.101380462646484375e+02 1.063255126953125000e+03
-4.993646240234375000e+01 1.114054870605468750e+02 1.112041381835937500e+03
-5.022170257568359375e+01 6.142855834960937500e+01 1.120353515625000000e+03
-4.443682861328125000e+01 1.065487003326416016e+01 1.157309692382812500e+03
-4.378115844726562500e+01 -3.943294525146484375e+01 1.165814208984375000e+03
-1.195885314941406250e+02 -3.833326339721679688e+01 1.190934326171875000e+03
-1.295795135498046875e+02 1.339059638977050781e+01 1.135279541015625000e+03
-1.216525192260742188e+02 6.257711410522460938e+01 1.166095703125000000e+03
-1.377199096679687500e+02 8.472103881835937500e+01 1.089843627929687500e+03
