2.760042114257812500e+02 3.455479431152343750e+01 1.029207885742187500e+03
2.999660949707031250e+02 3.104724884033203125e+01 1.147254638671875000e+03
2.721957092285156250e+02 -8.456192779541015625e+01 1.025677368164062500e+03
2.971210937500000000e+02 -8.836109161376953125e+01 1.144804687500000000e+03
7.778306579589843750e+01 -7.891673278808593750e+01 1.066395996093750000e+03
1.021708908081054688e+02 -8.268175506591796875e+01 1.185270019531250000e+03
8.162601470947265625e+01 3.997341537475585938e+01 1.069888061523437500e+03
1.053417053222656250e+02 1.652377700805664062e+01 1.187906372070312500e+03
2.539682159423828125e+02 1.053059997558593750e+02 1.015813537597656250e+03
2.665801696777343750e+02 5.305028533935546875e+01 1.081652099609375000e+03
2.590444946289062500e+02 4.359244823455810547e+00 1.051624755859375000e+03
2.499190979003906250e+02 -4.387321853637695312e+01 1.012337951660156250e+03
1.763434753417968750e+02 -4.191506958007812500e+01 1.047152832031250000e+03
1.878824768066406250e+02 5.924466133117675781e+00 1.096286132812500000e+03
1.753927459716796875e+02 5.771701049804687500e+01 1.030533935546875000e+03
1.780209808349609375e+02 1.067572097778320312e+02 1.041611572265625000e+03
9.633765411376953125e+01 1.095395278930664062e+02 1.038622436523437500e+03
1.051751098632812500e+02 5.822356033325195312e+01 1.085703247070312500e+03
1.096556015014648438e+02 7.888892173767089844e+00 1.112958129882812500e+03
1.029360656738281250e+02 -4.081625366210937500e+01 1.082078613281250000e+03
