4.799999999999999822e-01 -2.000000000000000111e-01 1.000000000000000056e-01
4.799999999999999822e-01 -2.000000000000000111e-01 -2.400000000000000050e-02
3.599999999999999867e-01 -2.000000000000000111e-01 1.000000000000000056e-01
3.599999999999999867e-01 -2.000000000000000111e-01 -2.400000000000000050e-02
3.599999999999999867e-01 0.000000000000000000e+00 1.000000000000000056e-01
3.599999999999999867e-01 0.000000000000000000e+00 -2.400000000000000050e-02
4.799999999999999822e-01 0.000000000000000000e+00 1.000000000000000056e-01
4.600000000000000200e-01 0.000000000000000000e+00 -2.400000000000000050e-02
4.000000000000000222e-01 -4.000000000000000083e-02 1.199999999999999956e-01
4.500000000000000111e-01 -4.000000000000000083e-02 8.000000000000000167e-02
5.000000000000000000e-01 -4.000000000000000083e-02 5.000000000000000278e-02
5.500000000000000444e-01 -4.000000000000000083e-02 1.199999999999999956e-01
5.500000000000000444e-01 -1.400000000000000133e-01 8.999999999999999667e-02
5.000000000000000000e-01 -1.400000000000000133e-01 8.000000000000000167e-02
4.500000000000000111e-01 -1.400000000000000133e-01 4.000000000000000083e-02
4.000000000000000222e-01 -1.400000000000000133e-01 2.999999999999999889e-02
4.000000000000000222e-01 -2.200000000000000011e-01 2.000000000000000042e-02
4.500000000000000111e-01 -2.200000000000000011e-01 8.000000000000000167e-02
5.000000000000000000e-01 -2.200000000000000011e-01 5.000000000000000278e-02
5.200000000000000178e-01 -2.200000000000000011e-01 1.300000000000000044e-01
