100 7965 8243 8583 8327 8250 8180
873 7968 8249 8582 8329 8244 8182
1715 7965 8244 8583 8329 8250 8184
1815 7972 8245 8583 8329 8247 8180
1915 7966 8244 8584 8326 8248 8187
2015 7962 8243 8584 8329 8246 8174
2115 7972 8245 8585 8329 8247 8185
2215 7963 8248 8583 8330 8248 8175
2315 7963 8246 8586 8328 8246 8170
2415 7967 8248 8585 8328 8250 8182
2515 7964 8243 8580 8331 8244 8170
2615 7968 8245 8581 8327 8248 8185
2715 7964 8243 8581 8327 8248 8174
2815 7970 8243 8590 8327 8242 8179
2915 7969 8248 8584 8327 8250 8189
3015 7962 8243 8583 8327 8246 8178
3115 7967 8245 8586 8329 8246 8176
3215 7965 8245 8583 8330 8250 8174
3315 7965 8249 8581 8328 8244 8184
3415 7964 8243 8585 8327 8250 8181
3515 7972 8242 8585 8326 8247 8176
3615 7966 8243 8582 8327 8246 8182
3715 7963 8248 8584 8328 8250 8186
3815 7965 8251 8584 8329 8242 8170
3915 7962 8244 8584 8331 8252 8179
4015 7966 8250 8581 8330 8250 8177
4115 7968 8249 8583 8329 8244 8182
4215 7966 8248 8586 8329 8246 8178
4315 7959 8246 8584 8329 8248 8185
4415 7964 8250 8584 8329 8250 8175
4515 7970 8242 8588 8329 8242 8171
4615 7962 8245 8584 8327 8250 8185
4715 7970 8251 8583 8327 8248 8178
4815 7972 8239 8587 8326 8241 8186
4915 7965 8242 8578 8328 8252 8174
5030 7965 8254 8580 8327 8246 8182
5144 7968 8243 8586 8327 8246 8181
5244 7966 8247 8583 8328 8244 8180
5344 7968 8248 8586 8330 8248 8181
5444 7968 8238 8583 8327 8250 8177
5544 7965 8245 8586 8330 8246 8178
5644 7965 8244 8586 8328 8240 8175
5744 7968 8237 8584 8328 8254 8177
5844 7966 8248 8581 8327 8248 8185
5944 7963 8252 8587 8330 8242 8178
6044 7964 8243 8581 8327 8250 8175
6144 7966 8243 8582 8327 8246 8182
6244 7968 8248 8584 8328 8248 8196
6344 7968 8240 8585 8326 8246 8182
6444 7972 8246 8587 8327 8245 8181
6544 7972 8240 8581 8329 8251 8176
6644 7967 8241 8583 8327 8246 8170
6744 7969 8243 8585 8327 8244 8182
6844 7967 8243 8583 8327 8250 8178
6944 7966 8243 8583 8327 8246 8173
7044 7964 8241 8584 8327 8248 8172
7144 7965 8242 8584 8329 8248 8174
7244 7966 8241 8589 8328 8244 8179
7344 7967 8248 8584 8327 8248 8178
7444 7970 8247 8585 8327 8244 8183
7544 7968 8245 8585 8330 8248 8182
7644 7962 8238 8583 8328 8250 8175
7744 7968 8252 8582 8328 8242 8176
7844 7968 8245 8585 8327 8250 8178
7944 7968 8249 8586 8329 8244 8177
8044 7964 8244 8582 8328 8248 8173
8144 7964 8246 8585 8325 8250 8183
8244 7962 8251 8586 8328 8244 8177
8344 7964 8241 8585 8327 8250 8184
8444 7962 8245 8583 8329 8244 8187
8544 7967 8244 8586 8327 8244 8178
8644 7961 8245 8579 8326 8250 8173
8744 7972 8246 8585 8331 8247 8180
8844 7962 8242 8585 8325 8246 8178
8944 7965 8242 8585 8325 8248 8187
9044 7965 8245 8587 8327 8246 8190
9144 7967 8243 8588 8328 8244 8176
9244 7968 8241 8581 8327 8250 8178
9344 7969 8246 8588 8329 8242 8180
9444 7963 8248 8585 8327 8250 8182
9544 7964 8248 8584 8329 8250 8170
9644 7962 8243 8583 8327 8246 8178
9744 7968 8249 8584 8329 8244 8178
9844 7965 8245 8587 8327 8246 8181
9944 7963 8249 8586 8327 8244 8178
10044 7970 8252 8584 8328 8244 8180
10144 7964 8248 8584 8330 8246 8175
10244 7966 8249 8586 8329 8242 8183
10344 7970 8248 8584 8329 8246 8178
10444 7966 8251 8585 8327 8244 8185
10544 7965 8243 8583 8328 8244 8177
10644 7956 8247 8581 8328 8244 8186
10744 7963 8239 8582 8327 8250 8177
10844 7963 8240 8582 8326 8246 8177
10944 7963 8243 8585 8327 8250 8178
11044 7962 8243 8585 8327 8250 8182
11144 7967 8247 8585 8328 8244 8180
11244 7961 8238 8584 8326 8250 8176
11344 7961 8245 8584 8327 8246 8185
11444 7961 8241 8585 8327 8246 8176
11544 7961 8250 8583 8329 8246 8178
11644 7968 8245 8586 8325 8244 8184
11744 7964 8243 8583 8326 8246 8180
11844 7965 8242 8583 8329 8248 8178
11944 7966 8248 8584 8327 8248 8189
12044 7962 8247 8587 8328 8242 8182
12144 7969 8245 8585 8327 8246 8180
12244 7966 8239 8583 8324 8248 8182
12344 7961 8244 8583 8325 8246 8185
12444 7966 8247 8587 8328 8244 8180
12544 7963 8250 8588 8329 8246 8180
12644 7965 8244 8584 8326 8244 8180
12744 7964 8243 8583 8327 8250 8184
12844 7965 8250 8584 8327 8246 8180
12944 7961 8248 8585 8327 8246 8182
13044 7965 8243 8581 8327 8250 8180
13144 7970 8247 8584 8325 8240 8173
13244 7964 8245 8584 8327 8248 8180
13344 7964 8245 8583 8327 8248 8184
13444 7964 8243 8585 8328 8244 8177
13544 7956 8242 8582 8328 8248 8173
13644 7970 8243 8586 8326 8244 8180
13744 7961 8241 8583 8327 8246 8180
13844 7961 8246 8584 8326 8250 8180
13944 7970 8249 8583 8326 8244 8175
14044 7968 8242 8588 8329 8240 8181
14144 7964 8241 8585 8327 8250 8178
14244 7961 8247 8583 8328 8244 8173
14344 7961 8244 8589 8328 8246 8184
14444 7961 8244 8581 8325 8246 8185
14544 7967 8247 8585 8328 8244 8180
14644 7967 8248 8584 8327 8250 8178
14744 7972 8244 8586 8327 8243 8183
14844 7966 8248 8586 8327 8248 8180
14944 7968 8248 8585 8328 8248 8182
15044 7966 8252 8584 8327 8240 8175
15144 7962 8244 8583 8328 8248 8180
15244 7968 8245 8584 8324 8246 8185
15344 7964 8242 8581 8326 8246 8179
15444 7967 8244 8587 8327 8244 8182
15544 7965 8245 8585 8328 8244 8176
15644 7965 8240 8585 8327 8252 8181
15744 7970 8245 8587 8331 8242 8178
15844 7971 8239 8589 8327 8247 8178
15944 7963 8241 8580 8327 8250 8174
16044 7966 8243 8586 8328 8242 8170
16144 7969 8245 8587 8325 8242 8190
16244 7967 8249 8582 8327 8244 8177
16344 7966 8248 8585 8327 8248 8172
16444 7967 8246 8587 8327 8244 8172
16544 7961 8244 8585 8326 8250 8187
16644 7965 8248 8581 8327 8250 8180
16744 7968 8240 8588 8327 8242 8182
16844 7965 8248 8584 8329 8248 8178
16944 7968 8252 8583 8327 8244 8182
17044 7970 8248 8587 8326 8246 8179
17144 7965 8241 8584 8327 8246 8176
17244 7962 8249 8585 8329 8244 8171
17344 7960 8245 8584 8329 8250 8180
17444 7972 8240 8586 8328 8249 8188
17544 7963 8240 8588 8326 8240 8180
17644 7966 8248 8585 8327 8248 8186
17744 7967 8246 8585 8326 8248 8180
17844 7967 8241 8586 8326 8242 8182
17944 7965 8248 8584 8328 8246 8178
18044 7959 8242 8583 8325 8250 8182
18144 7970 8246 8587 8325 8246 8184
18244 7970 8246 8586 8327 8242 8175
18344 7978 8248 8573 8320 8261 8187
18444 8014 8242 8555 8315 8288 8157
18544 7993 8265 8592 8312 8303 8128
18644 7974 8225 8519 8298 8233 8176
18744 7998 8245 8600 8358 8166 8184
18844 8010 8302 8617 8351 8205 8237
18944 8019 8357 8689 8257 8327 8194
19044 8012 8363 8520 8197 8360 8248
19144 8032 8365 8452 8176 8339 8157
19244 8036 8334 8501 8222 8330 8192
19344 8008 8358 8479 8202 8298 8201
19444 7997 8367 8527 8215 8286 8154
19544 8063 8411 8473 8161 8373 8076
19644 8002 8328 8556 8280 8245 8173
19744 7988 8292 8541 8259 8245 8209
19844 7983 8267 8605 8305 8287 8218
19944 7999 8226 8681 8386 8247 8175
20044 7969 8200 8603 8404 8201 8128
20144 7989 8203 8588 8367 8253 8214
20244 7951 8229 8602 8333 8264 8159
20344 7965 8236 8579 8327 8252 8185
20444 7973 8255 8573 8313 8243 8178
20544 7956 8251 8567 8322 8244 8164
20644 7968 8241 8562 8327 8248 8171
20744 7962 8259 8585 8315 8242 8167
20844 7981 8266 8592 8291 8273 8150
20944 7965 8239 8547 8327 8240 8182
21044 7982 8239 8590 8318 8259 8159
21144 7976 8237 8597 8322 8243 8177
21244 7965 8241 8585 8319 8250 8183
21344 7961 8249 8579 8323 8244 8181
21444 7963 8229 8582 8383 8208 8152
21544 7959 8217 8596 8401 8214 8186
21644 7956 8198 8597 8459 8176 8235
21744 7949 8202 8604 8469 8173 8240
21844 7952 8207 8598 8459 8176 8227
21944 7967 8237 8606 8347 8276 8206
22044 7978 8250 8604 8313 8261 8186
22144 7985 8243 8630 8335 8275 8216
22244 7977 8218 8706 8369 8288 8198
22344 7986 8218 8671 8403 8287 8209
22444 7999 8241 8677 8401 8291 8233
22544 7975 8224 8594 8406 8245 8238
22644 7960 8227 8590 8372 8256 8225
22744 7976 8218 8628 8365 8311 8250
22844 7970 8214 8642 8398 8278 8246
22944 7979 8217 8642 8401 8266 8266
23044 7963 8197 8668 8402 8334 8278
23144 7994 8206 8651 8450 8298 8260
23244 8010 8215 8652 8456 8340 8316
23344 7965 8192 8619 8457 8313 8306
23444 7995 8187 8668 8488 8347 8370
23544 8033 8213 8666 8423 8439 8339
23644 7973 8200 8630 8449 8328 8310
23744 8006 8203 8644 8454 8367 8316
23844 8000 8201 8656 8453 8363 8314
23944 7997 8203 8659 8449 8367 8322
24044 8003 8215 8631 8433 8362 8333
24144 8005 8215 8640 8411 8393 8348
24244 7989 8219 8655 8363 8368 8306
24344 7996 8234 8621 8320 8403 8365
24444 7999 8216 8639 8307 8423 8332
24544 8010 8244 8614 8275 8431 8336
24644 7992 8233 8626 8275 8414 8350
24744 8003 8237 8636 8252 8445 8324
24844 8005 8227 8633 8259 8433 8312
24944 7989 8229 8618 8257 8397 8289
25044 7975 8254 8619 8237 8381 8319
25144 7988 8244 8570 8230 8356 8294
25244 7989 8243 8599 8238 8336 8246
25344 7995 8217 8632 8252 8287 8233
25444 7969 8274 8628 8198 8340 8243
25544 7969 8235 8567 8215 8269 8208
25644 7944 8220 8599 8234 8228 8220
25744 7979 8258 8566 8195 8272 8196
25844 7965 8260 8592 8216 8252 8211
25944 7980 8253 8594 8232 8276 8220
26044 7974 8227 8610 8265 8291 8229
26144 7978 8215 8599 8307 8332 8283
26244 7979 8211 8633 8333 8344 8270
26344 7991 8235 8653 8392 8329 8266
26444 7965 8225 8638 8421 8305 8246
26544 7993 8236 8632 8431 8300 8245
26644 7999 8238 8622 8427 8302 8284
26744 7974 8239 8630 8445 8286 8239
26844 7976 8206 8647 8466 8288 8259
26944 7980 8191 8647 8468 8285 8257
27044 7986 8188 8642 8475 8311 8281
27144 7965 8193 8675 8462 8330 8273
27244 7998 8211 8683 8448 8356 8323
27344 7962 8231 8611 8374 8284 8283
27444 7998 8242 8641 8383 8335 8262
27544 7979 8258 8574 8321 8294 8190
27644 7972 8234 8596 8355 8299 8241
27744 7973 8253 8591 8333 8303 8203
27844 7976 8246 8609 8327 8299 8197
27944 7978 8247 8580 8301 8339 8234
28044 7967 8264 8585 8288 8304 8217
28144 7979 8261 8603 8289 8311 8228
28244 7959 8248 8569 8343 8234 8238
28344 7961 8227 8599 8279 8293 8253
28444 7953 8209 8671 8352 8265 8191
28544 7993 8229 8602 8305 8283 8139
28644 7973 8199 8579 8352 8231 8159
28744 8010 8273 8601 8262 8308 8162
28844 7966 8253 8596 8310 8232 8176
28944 7965 8249 8579 8313 8236 8179
29044 7965 8244 8582 8328 8250 8169
29144 7963 8244 8581 8325 8250 8172
29244 7958 8246 8587 8328 8246 8178
29344 7972 8242 8577 8322 8255 8186
29444 8016 8229 8569 8332 8288 8174
29544 8002 8209 8575 8330 8290 8188
29644 8003 8229 8544 8347 8201 8178
29744 7918 8300 8732 8322 8290 8195
29844 7974 8327 8552 8266 8269 8177
29944 8000 8371 8545 8241 8282 8164
30044 7996 8365 8496 8218 8289 8163
30144 8027 8343 8513 8225 8321 8188
30244 8032 8357 8506 8216 8318 8169
30344 8027 8355 8507 8220 8320 8180
30444 8021 8349 8509 8220 8322 8181
30544 8029 8346 8513 8220 8320 8183
30644 8030 8343 8509 8217 8320 8183
30744 8024 8344 8515 8219 8320 8180
30844 8028 8338 8512 8217 8320 8172
30944 8027 8350 8511 8217 8319 8177
31044 8026 8347 8511 8219 8320 8173
31144 8024 8354 8508 8218 8319 8172
31244 8026 8349 8515 8220 8322 8178
31344 8024 8344 8515 8219 8320 8180
31444 8027 8353 8512 8216 8322 8180
31544 8033 8341 8510 8216 8320 8183
31644 8031 8344 8512 8218 8322 8172
31744 8027 8352 8512 8217 8319 8174
31844 8028 8352 8509 8217 8320 8177
31944 8028 8343 8513 8217 8320 8177
32044 8026 8341 8516 8216 8323 8176
32144 8030 8352 8513 8217 8320 8184
32244 8029 8346 8513 8216 8320 8179
32344 8022 8349 8513 8215 8323 8183
32444 8029 8347 8511 8215 8320 8177
32544 8033 8348 8514 8214 8323 8182
32644 8026 8345 8510 8217 8323 8183
32744 8024 8353 8513 8216 8322 8179
32844 8031 8351 8513 8215 8322 8172
32944 8030 8345 8513 8212 8322 8179
33044 8028 8344 8512 8216 8320 8180
33144 8031 8349 8510 8213 8324 8185
33244 8031 8346 8509 8214 8320 8179
33344 8033 8346 8515 8213 8320 8178
33444 8029 8350 8509 8213 8320 8186
33544 8024 8339 8516 8214 8323 8182
33644 8026 8350 8513 8216 8321 8181
33744 8030 8346 8511 8214 8322 8183
33844 8020 8349 8516 8215 8325 8180
33944 8027 8351 8513 8215 8322 8177
34044 8032 8350 8511 8213 8322 8181
34144 8018 8349 8513 8216 8325 8181
34273 8029 8339 8513 8212 8320 8187
34389 8029 8351 8511 8212 8323 8181
34500 8031 8348 8513 8214 8319 8173
34614 8028 8351 8516 8212 8325 8182
34724 8024 8346 8511 8212 8323 8188
34850 8026 8355 8511 8216 8321 8181
34962 8028 8346 8511 8214 8324 8193
35079 8028 8348 8513 8214 8325 8191
35194 8030 8353 8513 8214 8321 8177
35318 8024 8347 8516 8212 8323 8177
35430 8027 8356 8508 8214 8320 8179
35530 8027 8342 8516 8212 8323 8175
35630 8031 8343 8518 8213 8323 8180
35730 8024 8350 8511 8214 8324 8183
35830 8020 8348 8516 8214 8323 8182
35930 8027 8343 8513 8213 8323 8189
36030 8022 8348 8511 8213 8323 8188
36143 8027 8347 8513 8212 8321 8181
36258 8024 8347 8513 8212 8323 8181
36373 8030 8349 8516 8212 8322 8176
36489 8027 8356 8509 8215 8322 8181
36602 8028 8349 8513 8212 8322 8181
36717 8028 8347 8513 8212 8319 8173
36817 8028 8348 8509 8210 8320 8169
36917 8024 8344 8511 8210 8324 8183
37017 8030 8344 8516 8210 8322 8184
37117 8028 8345 8513 8213 8322 8181
37217 8029 8345 8511 8212 8324 8192
37317 8035 8350 8513 8214 8320 8179
37417 8027 8344 8515 8216 8322 8182
37517 8032 8346 8510 8210 8323 8187
37617 8028 8344 8512 8212 8322 8180
37717 8029 8346 8512 8213 8320 8172
37817 8031 8347 8514 8213 8323 8184
37917 8032 8349 8512 8210 8323 8184
38017 8031 8348 8510 8210 8322 8183
38117 8028 8350 8512 8213 8322 8180
38217 8026 8342 8518 8212 8325 8184
38317 8029 8339 8516 8212 8324 8184
38417 8018 8356 8509 8214 8320 8174
38517 8027 8351 8510 8213 8321 8176
38617 8024 8349 8514 8212 8322 8177
38717 8024 8347 8511 8213 8323 8181
38817 8032 8350 8511 8210 8323 8183
38917 8032 8344 8516 8210 8322 8187
39017 8028 8348 8513 8213 8321 8179
39117 8026 8345 8515 8212 8322 8170
39217 8029 8349 8513 8212 8324 8179
39317 8030 8349 8511 8212 8322 8179
39417 8028 8344 8513 8212 8322 8177
39517 8029 8356 8509 8212 8321 8174
39617 8030 8342 8516 8208 8322 8182
39717 8032 8348 8513 8210 8320 8175
39817 8028 8349 8516 8212 8322 8177
39917 8032 8348 8513 8210 8322 8181
40017 8028 8353 8513 8212 8322 8181
40117 8028 8348 8509 8208 8323 8186
40217 8028 8345 8513 8210 8323 8183
40317 8024 8344 8516 8213 8326 8187
40417 8028 8356 8511 8212 8323 8178
40517 8032 8351 8510 8208 8322 8183
40617 8028 8343 8512 8213 8321 8174
40717 8027 8350 8513 8213 8324 8181
40817 8029 8356 8512 8212 8323 8177
40917 8030 8348 8515 8210 8322 8175
41017 8024 8353 8513 8212 8324 8179
41117 8031 8348 8511 8210 8324 8181
41217 8029 8344 8515 8210 8324 8183
41317 8028 8349 8511 8212 8322 8181
41417 8027 8346 8512 8210 8321 8176
41517 8029 8345 8510 8210 8321 8174
41617 8022 8347 8513 8210 8324 8181
41717 8028 8349 8513 8212 8322 8173
41817 8027 8348 8517 8212 8324 8182
41917 8026 8348 8513 8212 8325 8191
42017 8024 8347 8511 8210 8322 8181
42117 8027 8347 8511 8210 8324 8181
42233 8032 8349 8513 8210 8323 8184
42351 8033 8343 8513 8210 8322 8191
42474 8029 8347 8513 8210 8322 8181
42588 8029 8349 8515 8210 8321 8189
42704 8029 8346 8515 8212 8321 8189
42804 8024 8348 8516 8210 8324 8180
42904 8028 8344 8513 8212 8322 8181
43004 8031 8349 8513 8208 8323 8181
43104 8027 8347 8513 8210 8324 8191
