100 8047 8341 8531 8201 8295 8184
1206 8043 8349 8532 8201 8294 8186
1797 8049 8339 8532 8201 8298 8182
1971 8043 8347 8531 8201 8296 8182
2094 8051 8347 8529 8201 8296 8188
2194 8045 8347 8534 8201 8295 8186
2294 8044 8346 8533 8201 8297 8177
2419 8045 8350 8533 8199 8295 8186
2539 8041 8350 8533 8201 8294 8188
2639 8044 8349 8534 8201 8296 8184
2739 8042 8350 8531 8203 8295 8176
2839 8041 8344 8533 8203 8296 8179
2939 8045 8353 8533 8203 8296 8184
3039 8046 8346 8528 8201 8295 8180
3139 8049 8345 8530 8203 8295 8179
3239 8043 8353 8532 8203 8296 8186
3339 8048 8351 8530 8203 8295 8188
3439 8046 8344 8532 8201 8295 8182
3539 8039 8348 8532 8201 8295 8177
3639 8045 8348 8528 8201 8296 8178
3739 8041 8344 8531 8201 8295 8182
3839 8047 8344 8532 8203 8296 8173
3939 8043 8344 8531 8199 8295 8184
4039 8049 8349 8531 8201 8298 8186
4139 8048 8344 8533 8201 8295 8179
4239 8043 8342 8530 8201 8295 8184
4339 8044 8348 8528 8203 8293 8183
4439 8052 8349 8534 8203 8297 8179
4539 8041 8347 8534 8201 8296 8179
4639 8041 8342 8531 8201 8296 8184
4739 8043 8349 8534 8201 8294 8182
4839 8026 8371 8501 8172 8289 8165
4939 8034 8340 8440 8199 8259 8217
5039 8056 8369 8470 8156 8316 8230
5139 8012 8325 8522 8211 8294 8195
5239 7996 8273 8612 8242 8301 8089
5339 8039 8225 8643 8342 8193 8115
5439 7994 8224 8675 8344 8229 8169
5539 7991 8221 8576 8321 8239 8211
5639 7989 8207 8597 8356 8185 8225
5739 7963 8260 8607 8304 8208 8193
5839 7986 8244 8588 8306 8225 8187
5939 7972 8254 8613 8324 8219 8177
6039 7983 8247 8597 8314 8193 8188
6139 7965 8258 8623 8296 8218 8194
6239 8011 8113 8685 8749 8229 8088
6339 7955 8187 8599 8600 8049 8092
6439 7953 8229 8543 8457 8082 8126
6539 7946 8179 8589 8566 8113 8128
6639 7970 8266 8606 8322 8226 8172
6739 7984 8234 8609 8328 8209 8164
6839 8009 8153 8673 8595 8169 8031
6939 8016 8094 8733 8879 8194 7857
7039 8021 8183 8684 8594 8273 7942
7139 8026 8185 8677 8569 8276 7955
7239 8022 8187 8671 8566 8270 7964
7339 8021 8192 8675 8551 8268 7993
7439 8039 8184 8680 8556 8288 7981
7539 8016 8183 8710 8563 8296 7967
7639 8039 8183 8711 8604 8316 7965
7739 8034 8147 8689 8663 8258 7962
7839 8023 8153 8748 8680 8235 7936
7939 8041 8143 8744 8718 8196 7963
8039 8030 8144 8799 8755 8242 7919
8139 8017 8154 8765 8724 8196 7933
8239 8023 8151 8765 8745 8197 7946
8339 8014 8142 8763 8744 8199 7976
8439 8015 8148 8788 8779 8194 7976
8539 8023 8114 8817 8834 8177 7953
8639 8024 8106 8829 8901 8180 7924
8739 8034 8119 8836 8867 8254 7913
8839 8075 8108 8813 8923 8244 7874
8939 7991 8200 8687 8627 8215 8024
9039 8050 8181 8745 8668 8278 8007
9139 8042 8147 8761 8771 8276 7978
9239 8045 8138 8783 8790 8279 7962
9339 8055 8147 8782 8787 8295 7952
9439 8053 8154 8782 8775 8306 8007
9539 8052 8159 8772 8740 8300 8035
9639 8032 8173 8765 8649 8314 8005
9739 8062 8197 8740 8591 8360 8028
9839 8032 8200 8723 8554 8305 8093
9939 8041 8209 8712 8511 8309 8110
10039 8023 8208 8712 8470 8309 8085
10139 8023 8209 8695 8457 8316 8127
10239 8017 8221 8688 8451 8296 8108
10339 8011 8235 8685 8426 8281 8124
10439 8015 8248 8635 8387 8247 8144
10539 7994 8239 8611 8344 8188 8138
10639 7944 8278 8602 8283 8196 8150
10739 7964 8250 8617 8315 8169 8223
10839 8000 8242 8521 8277 8173 8226
10939 7971 8248 8573 8255 8176 8219
11039 7986 8250 8604 8265 8179 8241
11139 7968 8251 8572 8277 8150 8223
11239 7966 8259 8581 8265 8155 8229
11339 7977 8241 8604 8293 8167 8218
11439 7978 8231 8609 8318 8170 8229
11539 7974 8230 8651 8361 8186 8196
11639 7987 8228 8661 8446 8196 8127
11739 8011 8184 8766 8642 8185 8056
11839 8022 8155 8830 8841 8143 7957
11939 8046 8102 8903 9063 8199 7937
12039 8046 8111 8841 9042 8222 7963
12139 8033 8108 8847 9064 8181 7924
12239 8038 8072 8862 9124 8193 7919
12339 8053 8051 8876 9172 8205 7921
12439 8050 8040 8898 9217 8230 7925
12539 8049 8035 8910 9199 8270 7940
12639 8049 8061 8889 9158 8346 7975
12739 8099 8056 8892 9135 8422 7948
12839 8096 8074 8853 9022 8419 7975
12939 8110 8093 8861 8995 8507 7898
13039 8078 8114 8848 8939 8480 7969
13139 8107 8112 8836 8899 8506 7963
13239 8113 8115 8829 8912 8523 7949
13339 8108 8088 8845 8949 8521 7961
13439 8116 8050 8870 9053 8511 7927
13539 8105 8047 8904 9108 8509 7878
13639 8095 8035 8842 9193 8428 7921
13739 8081 8035 8855 9267 8368 7829
13839 8035 8074 8883 9215 8311 7919
13939 8068 8044 8851 9310 8276 7846
14039 8044 8082 8798 9186 8250 7918
14139 8027 8126 8728 8930 8252 7963
14239 8024 8091 8753 9027 8226 7956
14339 8043 8083 8699 9042 8232 7958
14439 8023 8131 8653 8894 8248 7999
14539 7994 8165 8666 8754 8253 7996
14639 7991 8120 8698 8911 8237 7966
14739 8001 8130 8666 8875 8223 7967
14839 7973 8212 8592 8543 8217 8127
14939 7990 8192 8615 8584 8233 8083
15039 7998 8148 8642 8713 8217 8057
15139 8011 8190 8639 8647 8247 8025
15239 8003 8146 8641 8716 8219 8062
15339 8033 8186 8639 8622 8316 8067
15439 8007 8285 8663 8413 8296 8167
15539 8013 8309 8545 8331 8358 8132
15639 8008 8283 8518 8336 8371 8262
15739 8030 8309 8605 8297 8331 8216
15839 8050 8321 8484 8290 8328 8204
15939 8049 8306 8504 8307 8310 8162
16039 8063 8316 8535 8288 8323 8183
16139 8051 8334 8511 8263 8308 8188
16239 8038 8348 8514 8256 8312 8172
16339 8039 8341 8508 8250 8310 8183
16439 8049 8344 8508 8252 8312 8178
16539 8041 8345 8514 8249 8312 8176
16639 8041 8341 8509 8249 8311 8174
16739 8047 8342 8512 8247 8307 8178
16839 8043 8343 8516 8244 8305 8172
16939 8048 8345 8518 8242 8308 8182
17039 8043 8349 8514 8242 8306 8174
17139 8045 8347 8514 8239 8306 8174
17239 8045 8350 8518 8242 8305 8174
17339 8049 8342 8516 8239 8304 8182
17439 8048 8344 8524 8236 8307 8174
17539 8050 8351 8520 8237 8307 8177
17639 8051 8349 8518 8237 8306 8188
17739 8047 8348 8520 8235 8306 8185
17839 8047 8348 8520 8235 8306 8185
17939 8043 8347 8518 8235 8302 8179
18039 8045 8346 8524 8234 8303 8183
18139 8043 8343 8525 8234 8305 8176
18239 8039 8346 8520 8232 8306 8188
18339 8041 8350 8523 8233 8304 8189
18439 8043 8348 8524 8233 8303 8177
18539 8039 8351 8520 8232 8303 8182
18639 8036 8353 8520 8231 8304 8186
18739 8040 8345 8522 8229 8301 8176
18839 8041 8350 8525 8231 8303 8185
18939 8042 8350 8523 8230 8301 8178
19039 8035 8348 8523 8230 8304 8180
19139 8037 8353 8520 8231 8302 8181
19239 8042 8352 8524 8230 8301 8189
19339 8042 8348 8526 8230 8301 8186
19439 8036 8353 8524 8228 8303 8192
19539 8036 8352 8522 8230 8302 8185
19639 8044 8349 8525 8229 8301 8186
19739 8042 8348 8523 8228 8300 8176
19839 8047 8348 8518 8227 8301 8177
19939 8035 8345 8525 8226 8302 8179
20039 8044 8357 8527 8227 8300 8188
20139 8040 8354 8525 8229 8301 8186
20239 8035 8348 8523 8227 8300 8191
20339 8038 8345 8526 8228 8300 8188
20439 8038 8353 8528 8226 8304 8188
20539 8036 8347 8525 8226 8301 8176
20639 8043 8349 8522 8223 8300 8180
20739 8036 8357 8525 8226 8301 8186
20839 8038 8347 8526 8225 8301 8178
20939 8040 8348 8525 8227 8300 8188
21039 8040 8347 8522 8224 8300 8189
21139 8037 8350 8525 8224 8300 8180
21239 8033 8350 8526 8225 8300 8182
21339 8040 8352 8522 8224 8299 8179
21503 8037 8346 8526 8224 8300 8180
21625 8035 8355 8527 8225 8300 8183
21749 8040 8351 8528 8226 8301 8186
21849 8033 8347 8526 8223 8301 8183
21949 8045 8347 8528 8223 8299 8182
22049 8040 8352 8528 8224 8299 8182
22149 8036 8346 8527 8221 8302 8184
22249 8032 8349 8528 8223 8301 8186
22349 8042 8347 8525 8220 8298 8178
22449 8038 8352 8525 8221 8300 8186
22549 8042 8343 8528 8219 8299 8182
22649 8040 8348 8527 8223 8300 8192
22749 8037 8346 8530 8221 8301 8171
22849 8040 8349 8529 8220 8301 8190
