100 8024 8349 8512 8196 8318 8178
1013 8027 8347 8521 8196 8319 8182
1585 8028 8351 8514 8193 8319 8178
1687 8025 8353 8517 8196 8321 8184
1868 8031 8351 8518 8194 8319 8192
2000 8027 8353 8518 8195 8319 8179
2100 8029 8346 8518 8195 8319 8184
2200 8025 8343 8520 8194 8320 8182
2300 8026 8350 8517 8195 8320 8186
2400 8028 8355 8517 8195 8320 8188
2500 8025 8353 8517 8198 8319 8178
2600 8021 8353 8516 8195 8321 8183
2700 8028 8348 8518 8195 8321 8177
2800 8023 8346 8513 8195 8322 8174
2900 8021 8350 8515 8195 8320 8189
3000 8025 8353 8512 8195 8319 8180
3100 8027 8346 8518 8193 8319 8178
3200 8021 8350 8519 8195 8320 8177
3300 8025 8357 8516 8194 8318 8176
3400 8024 8350 8514 8195 8320 8183
3500 8025 8345 8518 8195 8320 8182
3600 8029 8359 8515 8197 8319 8180
3700 8027 8350 8518 8195 8317 8188
3800 8034 8344 8519 8195 8318 8173
3900 8031 8353 8516 8194 8319 8178
4000 8028 8351 8517 8195 8315 8174
4100 8031 8347 8513 8194 8319 8184
4200 8028 8351 8517 8193 8319 8184
4300 8026 8359 8516 8195 8314 8183
4400 8028 8348 8518 8195 8321 8177
4500 8025 8353 8513 8193 8320 8178
4600 8028 8353 8516 8195 8318 8188
4700 8028 8345 8517 8195 8319 8186
4800 8025 8346 8517 8195 8319 8179
4900 8027 8349 8517 8196 8319 8170
5000 8023 8344 8513 8195 8319 8178
5100 8025 8346 8520 8193 8321 8179
5200 8020 8344 8519 8196 8319 8182
5300 8027 8349 8516 8196 8319 8179
5400 8025 8335 8521 8196 8321 8184
5500 8027 8353 8516 8196 8319 8183
5600 8035 8350 8519 8195 8317 8180
5700 8028 8353 8518 8195 8318 8180
5800 8029 8351 8520 8196 8317 8187
5900 8025 8347 8520 8194 8319 8191
6000 8025 8348 8516 8195 8318 8177
6100 8023 8350 8515 8195 8320 8175
6200 8028 8348 8518 8195 8321 8174
6300 8029 8350 8520 8198 8321 8179
6400 8029 8351 8517 8193 8318 8184
6500 8025 8344 8514 8195 8319 8176
6600 8030 8346 8516 8195 8319 8179
6700 8026 8350 8518 8195 8320 8182
6800 8028 8357 8514 8195 8318 8183
6900 8025 8353 8517 8194 8319 8188
7000 8027 8341 8519 8194 8317 8179
7100 8027 8356 8515 8195 8317 8183
7200 8029 8349 8515 8193 8317 8176
7300 8029 8345 8516 8194 8320 8188
7400 8025 8353 8514 8195 8318 8172
7500 8025 8343 8518 8194 8319 8182
7600 8027 8347 8512 8194 8318 8175
7700 8028 8351 8518 8195 8315 8174
7800 8021 8348 8517 8195 8321 8178
7900 8024 8353 8519 8193 8319 8190
8000 8029 8349 8518 8196 8316 8178
8100 8025 8345 8520 8194 8319 8179
8200 8024 8346 8517 8195 8320 8179
8300 8024 8350 8514 8195 8320 8183
8400 8028 8353 8515 8195 8318 8183
8500 8030 8357 8515 8195 8316 8183
8600 8025 8344 8519 8195 8320 8190
8700 8025 8342 8523 8195 8319 8179
8800 8027 8353 8521 8195 8320 8188
8900 8025 8347 8520 8194 8319 8177
9000 8024 8357 8516 8195 8318 8178
9100 8027 8344 8521 8193 8320 8186
9200 8024 8347 8518 8194 8321 8182
9300 8021 8346 8515 8195 8320 8185
9400 8025 8348 8518 8195 8318 8186
9500 8025 8348 8516 8195 8319 8176
9600 8024 8350 8515 8195 8320 8178
9700 8024 8353 8515 8196 8318 8183
9800 8025 8353 8512 8195 8319 8180
9900 8023 8353 8512 8195 8319 8183
10000 8025 8350 8517 8195 8319 8188
10100 8021 8350 8512 8193 8319 8176
10200 8023 8346 8517 8195 8320 8183
10300 8029 8347 8519 8194 8319 8191
10400 8025 8347 8519 8195 8321 8180
10500 8025 8346 8517 8195 8320 8178
10600 8025 8356 8515 8195 8318 8178
10700 8024 8350 8515 8195 8319 8185
10800 8028 8356 8521 8194 8321 8186
10900 8028 8355 8516 8195 8318 8177
11000 8025 8355 8516 8195 8317 8177
11100 8025 8347 8518 8194 8319 8176
11200 8025 8345 8518 8195 8322 8177
11300 8028 8355 8516 8195 8319 8176
11400 8026 8349 8514 8194 8319 8178
11500 8023 8348 8516 8195 8319 8187
11600 8028 8353 8517 8195 8318 8179
11700 8030 8348 8519 8195 8318 8176
11800 8031 8356 8516 8196 8318 8172
11900 8028 8344 8516 8193 8319 8176
12000 8033 8345 8519 8193 8320 8188
12100 8024 8350 8516 8191 8319 8183
12200 8021 8347 8515 8194 8318 8180
12300 8025 8347 8518 8194 8318 8182
12400 8024 8350 8518 8195 8319 8186
12500 8018 8346 8512 8196 8322 8183
12600 8025 8345 8516 8195 8320 8186
12700 8025 8356 8519 8196 8320 8180
12800 8019 8348 8515 8195 8318 8178
12900 8023 8347 8516 8193 8319 8183
13000 8021 8343 8515 8194 8319 8176
13100 8028 8350 8516 8195 8319 8176
13200 8024 8351 8516 8194 8321 8180
13300 8027 8345 8514 8194 8317 8183
13400 8025 8347 8515 8194 8319 8176
13500 8023 8353 8516 8194 8322 8183
13600 8029 8355 8517 8195 8317 8186
13700 8023 8346 8519 8195 8319 8182
13800 8021 8347 8516 8191 8322 8182
13900 8028 8349 8518 8196 8318 8174
14000 8029 8353 8519 8195 8319 8186
14100 8028 8342 8519 8194 8321 8187
14200 8025 8344 8516 8195 8319 8177
14300 8033 8344 8519 8195 8319 8182
14400 8025 8353 8516 8195 8318 8185
14500 8025 8346 8519 8196 8320 8190
14600 8028 8355 8517 8195 8320 8184
14700 8030 8353 8516 8195 8318 8180
14800 8028 8355 8518 8195 8319 8185
14900 8023 8347 8515 8194 8323 8185
15000 8029 8350 8520 8195 8317 8177
15100 8025 8347 8517 8196 8320 8177
15200 8030 8349 8517 8194 8319 8188
15300 8025 8349 8518 8194 8320 8184
15400 8030 8349 8518 8194 8320 8182
15500 8028 8348 8517 8195 8318 8174
15600 8025 8345 8521 8195 8320 8182
15700 8028 8358 8517 8195 8318 8170
15800 8025 8353 8521 8196 8316 8179
15900 8028 8353 8517 8195 8318 8178
16000 8021 8350 8516 8195 8320 8176
16100 8029 8344 8515 8193 8317 8176
16200 8030 8353 8515 8194 8321 8178
16300 8029 8355 8519 8195 8317 8176
16400 8027 8349 8517 8194 8317 8187
16500 8027 8350 8520 8195 8322 8184
16600 8034 8349 8515 8193 8319 8178
16700 8030 8341 8517 8194 8319 8188
16800 8025 8344 8520 8196 8321 8175
16900 8025 8353 8517 8196 8316 8184
17000 8025 8343 8517 8194 8319 8182
17100 8027 8351 8515 8194 8318 8180
17200 8021 8353 8521 8196 8320 8182
17300 8027 8353 8517 8196 8319 8178
17400 8028 8343 8516 8195 8318 8184
17500 8029 8358 8516 8194 8319 8180
17600 8023 8353 8516 8193 8320 8185
17700 8028 8350 8520 8195 8319 8187
17800 8025 8353 8521 8195 8319 8186
17900 8027 8349 8514 8196 8319 8183
18000 8029 8355 8520 8195 8317 8182
18100 8025 8355 8519 8195 8320 8186
18200 8030 8350 8517 8193 8319 8187
18300 8025 8353 8518 8195 8318 8182
18400 8027 8351 8517 8194 8318 8190
18500 8031 8347 8516 8194 8318 8177
18600 8031 8357 8517 8194 8319 8178
18700 8025 8348 8520 8195 8320 8191
18800 8026 8353 8516 8195 8318 8172
18900 8032 8353 8513 8194 8318 8174
19000 8028 8350 8520 8195 8319 8187
19100 8025 8348 8519 8195 8319 8181
19200 8025 8356 8516 8196 8315 8186
19300 8030 8346 8524 8193 8321 8186
19400 8025 8345 8517 8194 8319 8178
19500 8025 8349 8517 8194 8320 8178
19600 8033 8349 8518 8196 8316 8175
19700 8027 8357 8518 8194 8318 8180
19800 8023 8349 8516 8196 8316 8180
19900 8025 8348 8516 8195 8319 8176
20000 8029 8350 8520 8195 8317 8186
20100 8025 8350 8518 8195 8319 8180
20200 8025 8348 8522 8195 8319 8182
20300 8028 8350 8518 8193 8316 8177
20400 8023 8346 8516 8195 8319 8173
20500 8029 8345 8523 8194 8322 8187
20600 8023 8348 8519 8195 8321 8187
20700 8025 8348 8516 8195 8319 8186
20800 8028 8346 8518 8195 8319 8177
20900 8027 8351 8519 8196 8319 8190
21000 8025 8351 8518 8194 8318 8186
21100 8021 8345 8521 8194 8319 8184
21200 8028 8353 8515 8195 8318 8183
21300 8025 8350 8518 8195 8320 8177
21400 8025 8351 8519 8196 8315 8176
21500 8025 8346 8518 8196 8322 8182
21600 8030 8348 8520 8195 8318 8187
21700 8029 8351 8519 8196 8317 8186
21800 8029 8347 8522 8194 8320 8187
21900 8021 8353 8515 8196 8318 8185
22000 8024 8349 8519 8198 8319 8182
22100 8028 8344 8518 8193 8319 8182
22200 8023 8359 8514 8193 8317 8191
22300 8028 8341 8522 8195 8319 8177
22400 8024 8348 8517 8195 8318 8178
22500 8028 8355 8518 8195 8319 8185
22600 8031 8348 8517 8194 8319 8174
22700 8023 8356 8515 8196 8317 8178
22800 8027 8347 8521 8194 8323 8182
22900 8032 8350 8520 8193 8319 8193
23000 8023 8349 8515 8194 8317 8178
23100 8024 8353 8518 8195 8318 8188
23200 8028 8346 8519 8195 8319 8172
23300 8021 8349 8517 8194 8319 8183
23400 8027 8355 8516 8195 8320 8185
23500 8032 8355 8521 8194 8319 8182
23600 8007 8346 8506 8198 8314 8170
23700 7993 8352 8528 8188 8329 8162
23800 7984 8366 8462 8123 8239 8187
23900 8010 8317 8505 8190 8335 8282
24000 7993 8302 8566 8234 8316 8098
24100 7970 8258 8552 8264 8329 8228
24200 8005 8276 8612 8245 8319 8191
24300 7981 8226 8636 8326 8275 8190
24400 7968 8233 8555 8289 8250 8166
24500 7972 8253 8603 8292 8258 8187
24600 7967 8249 8584 8311 8234 8171
24700 7960 8245 8589 8318 8229 8158
24800 7982 8260 8586 8280 8267 8171
24900 7973 8242 8587 8315 8227 8181
25000 7959 8244 8594 8328 8205 8196
25100 7969 8248 8607 8301 8228 8181
25200 7957 8274 8593 8269 8254 8195
25300 7945 8264 8576 8274 8252 8173
25400 7969 8235 8595 8315 8233 8169
25500 7964 8246 8593 8307 8244 8168
25600 7962 8252 8591 8302 8248 8187
25700 7977 8251 8591 8281 8249 8125
25800 7970 8255 8598 8292 8252 8142
25900 7966 8252 8590 8295 8250 8140
26000 7966 8246 8598 8292 8254 8151
26100 7972 8244 8604 8299 8255 8155
26200 7967 8246 8636 8311 8236 8154
26300 7989 8238 8586 8281 8267 8167
26400 7979 8251 8595 8273 8237 8150
26500 7967 8238 8555 8255 8262 8173
26600 7998 8236 8600 8281 8275 8161
26700 7965 8201 8640 8343 8250 8150
26800 7992 8220 8629 8303 8309 8156
26900 7971 8204 8635 8348 8261 8155
27000 7984 8223 8642 8341 8274 8156
27100 7982 8212 8655 8346 8277 8159
27200 7985 8213 8668 8380 8281 8156
27300 8006 8201 8675 8397 8298 8130
27400 7999 8162 8726 8460 8346 8169
27500 8004 8245 8625 8343 8296 8074
27600 7972 8249 8597 8292 8248 8178
27700 7963 8239 8612 8304 8264 8221
27800 7964 8229 8584 8283 8219 8203
27900 7964 8244 8616 8293 8217 8186
28000 7969 8243 8612 8304 8218 8171
28100 7995 8225 8619 8316 8236 8165
28200 7981 8255 8624 8282 8251 8203
28300 7948 8250 8630 8260 8260 8217
28400 7956 8236 8559 8252 8189 8208
28500 7975 8227 8578 8273 8212 8158
28600 7967 8288 8572 8216 8229 8130
28700 7940 8343 8533 8134 8192 8131
28800 7954 8288 8566 8185 8199 8163
28900 7967 8175 8576 8258 8163 8141
29000 7991 8211 8560 8225 8204 8143
29100 7921 8299 8563 8133 8163 8192
29200 7905 8328 8538 8101 8153 8252
29300 7944 8262 8553 8089 8188 8197
29400 7979 8242 8558 8123 8219 8140
29500 7986 8241 8591 8092 8264 8115
29600 7941 8267 8572 8078 8202 8144
29700 7943 8257 8546 8116 8182 8120
29800 7962 8230 8618 8183 8209 8196
29900 7998 8241 8568 8186 8212 8164
30000 7940 8275 8575 8259 8157 8184
30100 7964 8257 8508 8200 8162 8116
30200 7957 8252 8587 8262 8167 8160
30300 7952 8248 8594 8254 8167 8163
30400 7958 8209 8598 8300 8157 8139
30500 7925 8236 8662 8329 8174 8184
30600 7944 8209 8575 8307 8113 8114
30700 7972 8246 8594 8284 8156 8087
30800 7975 8294 8613 8261 8195 8173
30900 7976 8267 8624 8254 8217 8147
31000 7970 8254 8608 8283 8205 8153
31100 7966 8233 8630 8304 8206 8144
31200 7989 8217 8649 8354 8234 8159
31300 7982 8189 8625 8369 8259 8175
31400 7973 8184 8619 8329 8289 8219
31500 7958 8176 8655 8427 8242 8271
31600 7964 8235 8709 8397 8295 8271
31700 7964 8221 8642 8345 8294 8258
31800 7995 8217 8656 8364 8330 8256
31900 7983 8246 8694 8305 8409 8275
32000 8014 8239 8666 8297 8444 8320
32100 8022 8189 8651 8310 8454 8355
32200 8062 8194 8685 8356 8450 8350
32300 8048 8257 8643 8264 8500 8294
32400 8057 8281 8623 8186 8523 8320
32500 8033 8285 8609 8139 8508 8350
32600 8053 8282 8632 8138 8500 8336
32700 8078 8242 8568 8166 8503 8268
32800 8080 8239 8634 8175 8515 8254
32900 8045 8317 8555 8090 8463 8289
33000 8050 8359 8571 7976 8502 8272
33100 8063 8330 8529 7956 8509 8344
33200 8104 8300 8547 7939 8605 8310
33300 8104 8298 8564 7967 8623 8363
33400 8057 8318 8552 7972 8551 8348
33500 7994 8363 8548 7997 8436 8341
33600 7993 8341 8499 8040 8297 8359
33700 8027 8320 8528 8082 8297 8262
33800 8040 8341 8532 8076 8268 8236
33900 8016 8311 8563 8077 8312 8165
34000 8011 8291 8583 8141 8280 8202
34100 8014 8272 8597 8185 8272 8200
34200 8013 8264 8640 8255 8222 8241
34300 8016 8256 8609 8251 8269 8168
34400 7951 8278 8609 8276 8226 8105
34500 7958 8272 8573 8233 8192 8150
34600 7945 8289 8569 8173 8207 8245
34700 8016 8293 8622 8144 8274 8220
34800 7958 8290 8588 8196 8246 8198
34900 7973 8237 8590 8228 8256 8277
35000 7958 8245 8599 8236 8246 8323
35100 7974 8243 8613 8215 8286 8323
35200 7978 8241 8617 8231 8367 8345
35300 7984 8242 8636 8310 8330 8170
35400 7969 8237 8603 8384 8145 8009
35500 7951 8253 8570 8294 8044 7930
35600 7970 8250 8597 8250 8246 8078
35700 7973 8240 8637 8297 8318 8212
35800 7955 8232 8573 8312 8170 8150
35900 7968 8245 8618 8327 8159 8084
36000 7970 8234 8624 8319 8186 8264
36100 8001 8219 8610 8298 8255 8209
36200 7958 8237 8567 8235 8246 8246
36300 7941 8244 8606 8228 8256 8196
36400 7960 8242 8607 8286 8181 8152
36500 7947 8244 8598 8298 8151 8177
36600 7958 8240 8611 8294 8160 8178
36700 7953 8255 8609 8261 8215 8174
36800 7969 8253 8597 8241 8246 8186
36900 7972 8243 8580 8237 8229 8175
37000 7958 8228 8616 8259 8216 8191
37100 7939 8209 8621 8310 8204 8163
37200 7964 8217 8652 8360 8195 8128
37300 7932 8238 8551 8342 8145 8204
37400 7973 8249 8579 8293 8210 8155
37500 7939 8254 8580 8288 8151 8201
37600 7992 8266 8569 8195 8219 8190
37700 7992 8278 8606 8172 8270 8193
37800 7989 8257 8600 8223 8251 8187
37900 7975 8242 8576 8259 8241 8205
38000 7962 8234 8557 8300 8192 8164
38100 7964 8253 8585 8281 8211 8181
38200 7954 8266 8631 8301 8162 8138
38300 7988 8237 8634 8312 8165 8135
38400 7963 8256 8576 8284 8162 8140
38500 7994 8291 8588 8207 8335 8146
38600 7957 8256 8600 8303 8230 8182
38700 7964 8245 8586 8305 8229 8179
38800 7959 8250 8589 8305 8232 8169
38900 7976 8228 8589 8317 8238 8192
39000 7988 8277 8668 8267 8297 8154
39100 8021 8276 8539 8267 8249 8205
39200 7951 8294 8557 8233 8288 8247
39300 7968 8279 8482 8222 8270 8206
39400 8013 8274 8627 8274 8326 8211
39500 8058 8274 8552 8286 8260 8217
39600 8059 8297 8533 8262 8340 8167
39700 8053 8332 8527 8212 8337 8186
39800 8029 8344 8514 8198 8315 8172
39900 8021 8350 8515 8198 8311 8178
40000 8031 8341 8522 8200 8310 8161
40100 8025 8347 8519 8200 8311 8182
40200 8025 8347 8524 8200 8311 8178
40300 8024 8348 8520 8200 8313 8169
40400 8029 8346 8517 8198 8313 8168
40500 8029 8350 8519 8200 8312 8170
40600 8025 8353 8521 8198 8312 8174
40700 8025 8346 8520 8198 8313 8177
40800 8028 8358 8520 8197 8312 8172
40900 8025 8349 8516 8196 8313 8172
41000 8027 8346 8517 8198 8313 8170
41100 8025 8355 8518 8198 8313 8172
41200 8031 8349 8520 8195 8311 8177
41300 8030 8349 8519 8195 8313 8172
41400 8028 8348 8517 8195 8314 8176
41500 8027 8344 8521 8198 8312 8164
41600 8024 8350 8517 8198 8314 8176
41700 8029 8349 8515 8196 8316 8170
41800 8030 8347 8522 8198 8317 8171
41900 8030 8347 8519 8196 8315 8177
42000 8020 8349 8516 8198 8316 8170
42100 8023 8346 8520 8198 8314 8178
42200 8028 8345 8520 8198 8314 8177
42300 8025 8349 8522 8196 8314 8185
42400 8033 8350 8520 8195 8312 8172
42500 8027 8348 8519 8195 8316 8177
42600 8031 8349 8525 8196 8313 8180
42700 8033 8349 8521 8196 8311 8179
42800 8027 8357 8520 8196 8313 8177
42900 8025 8356 8515 8198 8316 8174
43000 8028 8355 8518 8198 8314 8180
43100 8030 8351 8516 8196 8315 8172
43200 8025 8346 8521 8195 8317 8186
43300 8021 8353 8519 8195 8314 8178
43400 8029 8348 8518 8195 8316 8174
43500 8032 8353 8519 8196 8313 8178
43600 8031 8356 8515 8196 8313 8180
43700 8025 8349 8518 8196 8314 8179
43800 8032 8351 8520 8196 8312 8168
43900 8025 8348 8518 8195 8316 8170
44000 8025 8345 8517 8194 8320 8184
44100 8025 8349 8515 8196 8314 8169
44200 8028 8347 8516 8196 8317 8172
44300 8027 8350 8516 8195 8313 8175
44400 8030 8349 8518 8195 8313 8180
44500 8025 8359 8518 8195 8316 8174
44600 8027 8348 8518 8195 8314 8174
44700 8025 8348 8520 8194 8313 8172
44800 8027 8355 8518 8196 8313 8170
44900 8025 8350 8518 8195 8317 8173
45000 8025 8347 8522 8196 8314 8180
