9042 8033 8329 8440 8227 8243 8211
9142 8044 8363 8542 8168 8309 8214
9242 8050 8322 8671 8267 8265 8103
9342 7997 8296 8604 8228 8333 8138
9442 8014 8201 8605 8305 8213 8187
9542 7998 8220 8682 8339 8211 8146
9642 7971 8219 8619 8345 8245 8213
9742 7998 8224 8585 8348 8194 8202
9842 7982 8256 8608 8321 8235 8184
9942 7985 8247 8600 8325 8221 8181
10042 7980 8237 8591 8318 8213 8203
10142 7989 8260 8578 8304 8193 8177
10242 7973 8252 8586 8299 8223 8177
10342 7969 8256 8621 8278 8218 8165
10442 7986 8262 8612 8299 8243 8163
10542 7993 8260 8580 8292 8229 8185
10642 7979 8268 8630 8307 8243 8155
10742 7973 8276 8617 8300 8225 8193
10842 7983 8245 8604 8316 8215 8188
10942 7939 8294 8560 8224 8117 8199
11042 7960 8236 8572 8376 8097 8186
11142 7964 8223 8585 8427 8115 8194
11242 7970 8231 8596 8361 8155 8151
11342 7980 8253 8601 8310 8185 8162
11442 7985 8248 8611 8314 8180 8158
11542 7971 8263 8630 8288 8177 8169
11642 7972 8241 8600 8301 8166 8163
11742 7940 8247 8601 8296 8173 8192
11842 7993 8252 8646 8270 8229 8186
11942 7987 8231 8601 8329 8145 8162
12042 7949 8251 8630 8288 8158 8139
12142 7997 8239 8562 8313 8152 8148
12242 7977 8241 8575 8323 8143 8130
12342 7976 8249 8614 8313 8164 8158
12442 7980 8241 8602 8311 8149 8162
12542 7967 8240 8615 8328 8141 8169
12642 7984 8228 8613 8347 8134 8207
12742 7964 8236 8625 8351 8114 8153
12842 8012 8227 8570 8322 8180 8119
12942 7989 8238 8597 8292 8176 8149
13042 7981 8258 8581 8264 8175 8171
13142 8006 8258 8585 8265 8171 8168
13242 7973 8271 8620 8287 8167 8175
13342 7977 8251 8607 8307 8157 8178
13442 7976 8264 8611 8297 8159 8176
13542 7992 8262 8633 8297 8183 8158
13642 7989 8277 8616 8284 8150 8183
13742 7975 8250 8605 8290 8157 8206
13842 7977 8253 8599 8288 8166 8221
13942 7991 8255 8616 8296 8178 8198
14042 7948 8240 8609 8317 8140 8188
14142 8010 8251 8630 8286 8219 8167
14242 7980 8243 8609 8299 8173 8180
14342 7975 8236 8613 8301 8176 8191
14442 7961 8269 8618 8280 8174 8198
14542 7970 8275 8580 8246 8167 8181
14642 7960 8252 8620 8303 8145 8177
14742 7982 8246 8649 8286 8188 8201
14842 7969 8239 8640 8251 8192 8228
14942 7990 8251 8571 8260 8143 8170
15042 7976 8221 8567 8309 8138 8176
15142 8012 8255 8592 8261 8175 8174
15242 7976 8245 8587 8285 8138 8192
15342 7975 8257 8609 8283 8170 8189
15442 7994 8233 8614 8296 8175 8203
15542 7993 8242 8618 8286 8194 8182
15642 7996 8206 8638 8352 8153 8135
15742 8009 8218 8586 8352 8116 8162
15842 7977 8250 8623 8327 8126 8137
15942 7968 8257 8626 8321 8092 8137
16042 7959 8276 8579 8280 8135 8214
16142 7970 8271 8622 8258 8199 8171
16242 7981 8275 8624 8287 8168 8181
16342 7992 8262 8614 8309 8168 8146
16442 7981 8245 8637 8333 8161 8163
16542 7984 8226 8618 8342 8133 8173
16642 7992 8220 8578 8368 8139 8188
16742 8000 8257 8651 8349 8141 8170
16842 7965 8240 8616 8349 8154 8093
16942 7976 8237 8623 8336 8109 8193
17042 7975 8255 8605 8327 8114 8117
17142 7972 8264 8618 8277 8214 8157
17242 7976 8260 8615 8295 8145 8169
17342 7985 8240 8618 8322 8146 8173
17442 7992 8221 8597 8314 8181 8183
17542 7966 8216 8616 8360 8150 8176
17642 7975 8212 8643 8364 8161 8144
17742 7970 8237 8606 8361 8130 8134
17842 7978 8261 8633 8352 8178 8101
17942 8001 8250 8583 8326 8164 8145
18042 7963 8275 8636 8269 8192 8195
18142 8022 8250 8574 8275 8172 8189
18242 7990 8268 8609 8262 8171 8219
18342 7978 8242 8605 8270 8175 8214
18442 8004 8238 8588 8305 8166 8180
18542 7966 8254 8584 8284 8197 8233
18642 7973 8244 8618 8241 8204 8225
18742 8017 8249 8658 8235 8310 8233
18842 7984 8244 8620 8262 8245 8227
18942 7976 8239 8605 8322 8203 8206
19042 7979 8248 8610 8317 8213 8189
19142 7983 8251 8602 8315 8213 8196
19242 7981 8251 8603 8321 8207 8195
19342 7979 8248 8606 8318 8215 8190
19442 8003 8263 8596 8306 8227 8219
19542 8010 8284 8684 8300 8262 8174
19642 8025 8266 8628 8305 8201 8212
19742 7986 8303 8602 8216 8322 8100
19842 8088 8242 8596 8313 8352 8108
19942 8079 8318 8510 8215 8341 8162
20042 8084 8317 8551 8274 8332 8198
20142 8036 8332 8529 8222 8279 8176
20242 8051 8347 8533 8211 8302 8169
20342 8049 8339 8536 8215 8284 8205
20442 8042 8351 8540 8211 8288 8183
20542 8047 8349 8534 8211 8287 8189
20642 8033 8345 8530 8215 8286 8190
20742 8040 8351 8536 8209 8289 8191
20842 8048 8352 8534 8214 8290 8188
20942 8040 8349 8532 8213 8287 8186
21042 8042 8353 8538 8209 8290 8185
21142 8051 8347 8535 8207 8288 8180
21242 8042 8344 8530 8209 8290 8178
21342 8044 8350 8535 8211 8284 8175
21442 8044 8347 8539 8209 8290 8178
21542 8049 8350 8533 8209 8288 8186
21642 8046 8345 8536 8209 8286 8189
21742 8044 8347 8538 8209 8287 8183
21842 8037 8342 8536 8209 8289 8189
21942 8048 8353 8532 8207 8288 8190
22042 8040 8346 8540 8211 8287 8199
22142 8047 8350 8534 8207 8289 8189
22242 8037 8352 8538 8211 8290 8195
22342 8040 8351 8538 8211 8288 8194
22442 8044 8341 8533 8209 8289 8195
22542 8045 8348 8531 8207 8288 8188
22642 8044 8341 8536 8209 8289 8191
22742 8037 8346 8531 8209 8289 8192
22842 8049 8345 8533 8207 8293 8184
22942 8044 8346 8533 8208 8290 8182
23078 8045 8347 8534 8209 8287 8195
23215 8043 8341 8536 8209 8291 8191
23356 8044 8349 8533 8207 8288 8186
23489 8037 8350 8538 8207 8290 8189
23663 8050 8351 8531 8207 8289 8188
23798 8044 8347 8536 8209 8289 8191
23932 8038 8351 8536 8209 8290 8191
24063 8042 8344 8532 8209 8288 8190
24196 8038 8350 8538 8211 8290 8194
24330 8052 8348 8533 8207 8292 8182
24462 8040 8354 8536 8209 8291 8195
24594 8041 8351 8537 8211 8289 8187
24726 8045 8346 8534 8205 8291 8184
24826 8046 8349 8535 8209 8292 8189
24926 8040 8354 8539 8207 8290 8187
25026 8039 8350 8538 8211 8289 8203
25126 8044 8349 8532 8209 8290 8194
25307 8047 8350 8533 8207 8289 8192
25446 8045 8354 8536 8208 8289 8187
25546 8036 8350 8535 8207 8289 8195
25782 8045 8351 8533 8205 8290 8188
25943 8041 8346 8538 8207 8289 8187
26131 8038 8349 8538 8209 8290 8189
26312 8044 8344 8536 8208 8289 8189
26438 8043 8346 8532 8205 8293 8175
26566 8044 8349 8538 8209 8291 8191
26686 8045 8347 8532 8207 8291 8190
26809 8044 8346 8531 8208 8290 8186
26936 8049 8353 8534 8208 8291 8182
27059 8041 8350 8533 8207 8290 8193
27181 8046 8353 8534 8208 8290 8184
27303 8043 8348 8533 8205 8292 8186
27426 8047 8347 8535 8203 8290 8175
27548 8036 8346 8536 8209 8290 8193
27670 8035 8353 8535 8209 8290 8197
27770 8046 8350 8534 8208 8289 8187
27870 8036 8344 8535 8209 8290 8191
27970 8046 8344 8532 8205 8290 8186
28070 8044 8348 8532 8211 8289 8190
28170 8050 8348 8530 8203 8290 8178
