100 8043 8349 8534 8203 8293 8179
1183 8045 8342 8532 8201 8295 8186
1771 8045 8352 8530 8201 8293 8176
1871 8043 8350 8531 8205 8295 8186
1971 8043 8346 8530 8203 8294 8182
2071 8045 8344 8533 8201 8292 8184
2171 8045 8348 8531 8199 8294 8184
2271 8047 8347 8530 8201 8295 8184
2371 8041 8349 8530 8201 8295 8176
2471 8047 8350 8532 8201 8294 8186
2571 8045 8344 8533 8201 8294 8188
2671 8045 8350 8530 8201 8294 8174
2771 8047 8349 8533 8201 8294 8177
2871 8045 8349 8536 8203 8293 8187
2971 8037 8349 8534 8203 8295 8188
3071 8038 8346 8536 8203 8294 8169
3171 8045 8350 8528 8201 8295 8176
3271 8045 8349 8534 8203 8295 8189
3371 8048 8347 8532 8203 8292 8182
3471 8038 8349 8532 8201 8294 8172
3571 8041 8344 8534 8199 8294 8175
3671 8041 8348 8532 8201 8293 8182
3771 8039 8348 8532 8201 8295 8177
3871 8041 8348 8534 8203 8295 8179
3971 8045 8352 8534 8203 8291 8175
4071 8041 8348 8532 8199 8295 8168
4171 8041 8352 8533 8201 8294 8176
4271 8043 8347 8533 8201 8295 8170
4371 8049 8349 8533 8205 8294 8186
4471 8041 8346 8530 8199 8293 8172
4571 8047 8350 8536 8201 8294 8177
4671 8041 8351 8531 8203 8294 8178
4771 8045 8351 8531 8203 8294 8184
4871 8044 8352 8534 8203 8293 8188
4971 8043 8347 8530 8201 8295 8188
5071 8045 8347 8532 8201 8295 8182
5171 8048 8347 8533 8201 8293 8179
5271 8045 8342 8533 8201 8295 8182
5371 8041 8352 8528 8203 8295 8183
5471 8046 8347 8532 8201 8293 8186
5571 8038 8352 8536 8203 8293 8189
5671 8041 8351 8533 8203 8294 8182
5771 8041 8346 8529 8203 8295 8180
5871 8045 8346 8532 8199 8295 8186
5971 8041 8341 8536 8199 8293 8187
6071 8043 8341 8530 8203 8294 8176
6171 8041 8350 8531 8201 8294 8183
6271 8041 8344 8533 8199 8294 8179
6371 8019 8345 8518 8216 8277 8190
6471 8034 8363 8498 8189 8272 8293
6571 8029 8351 8540 8199 8289 8126
6671 7993 8356 8532 8177 8319 8132
6771 8031 8296 8675 8249 8267 8166
6871 7992 8247 8654 8315 8243 8205
6971 7993 8231 8603 8305 8202 8253
7071 7995 8206 8613 8326 8197 8123
7171 7991 8199 8622 8349 8208 8233
7271 7987 8233 8596 8319 8215 8196
7371 7980 8245 8598 8316 8219 8191
7471 7983 8249 8608 8319 8215 8173
7571 7971 8235 8591 8309 8212 8174
7671 7974 8248 8603 8321 8225 8187
7771 7970 8253 8608 8304 8218 8205
7871 7987 8257 8610 8297 8233 8202
7971 7990 8252 8606 8329 8217 8186
8071 7989 8249 8625 8310 8229 8196
8171 7992 8237 8634 8317 8269 8173
8271 7985 8244 8603 8305 8235 8172
8371 8048 8188 8655 8417 8356 8201
8471 7957 8205 8602 8494 8098 8255
8571 7976 8240 8622 8400 8196 8232
8671 7976 8241 8617 8381 8204 8232
8771 7978 8241 8614 8383 8203 8236
8871 7981 8232 8625 8388 8209 8226
8971 7993 8245 8605 8354 8207 8215
9071 7990 8241 8621 8377 8191 8233
9171 7975 8228 8605 8382 8202 8252
9271 8014 8191 8694 8451 8266 8266
9371 7991 8183 8669 8524 8239 8312
9471 7969 8179 8724 8534 8257 8292
9571 8006 8181 8721 8520 8261 8287
9671 7998 8197 8700 8526 8262 8287
9771 7994 8158 8716 8555 8288 8297
9871 7992 8165 8722 8550 8283 8301
9971 7995 8171 8740 8574 8284 8299
10071 8019 8136 8709 8619 8290 8338
10171 8011 8140 8755 8671 8333 8359
10271 8013 8135 8770 8688 8323 8364
10371 8022 8127 8754 8703 8385 8376
10471 8034 8123 8802 8717 8410 8434
10571 8089 8127 8769 8705 8503 8386
10671 8036 8126 8772 8729 8435 8420
10771 8031 8129 8773 8718 8447 8387
10871 8034 8126 8766 8719 8439 8386
10971 8052 8136 8785 8712 8472 8385
11071 8047 8158 8774 8663 8476 8404
11171 8042 8163 8750 8603 8494 8395
11271 8048 8184 8731 8507 8512 8410
11371 8049 8181 8729 8481 8518 8386
11471 8032 8189 8718 8412 8532 8379
11571 8038 8178 8718 8388 8526 8370
11671 8048 8200 8711 8357 8538 8355
11771 8045 8184 8710 8353 8546 8351
11871 8030 8221 8705 8339 8538 8339
11971 8017 8241 8699 8317 8481 8311
12071 8020 8244 8666 8282 8437 8312
12171 7993 8238 8680 8308 8377 8286
12271 7999 8227 8689 8274 8359 8292
12371 7954 8229 8650 8260 8264 8277
12471 8002 8243 8667 8224 8320 8221
12571 7977 8231 8578 8224 8243 8207
12671 7995 8265 8663 8207 8272 8200
12771 7965 8240 8636 8224 8236 8208
12871 7983 8246 8635 8232 8249 8206
12971 8004 8219 8656 8252 8271 8232
13071 7987 8206 8656 8322 8270 8242
13171 7992 8201 8712 8391 8311 8242
13271 7999 8172 8740 8530 8350 8326
13371 8002 8178 8791 8626 8313 8313
13471 7996 8164 8780 8720 8315 8347
13571 8021 8141 8781 8790 8295 8355
13671 8027 8133 8793 8829 8320 8330
13771 8021 8122 8790 8857 8310 8325
13871 8025 8106 8799 8875 8327 8319
13971 8042 8090 8816 8914 8352 8342
14071 8053 8084 8801 8891 8377 8325
14171 7953 8236 8616 8458 8272 8368
14271 8007 8263 8705 8546 8388 8305
14371 8020 8146 8765 8620 8567 8406
14471 8018 8169 8712 8597 8455 8382
14571 7989 8259 8613 8421 8290 8185
14671 7985 8243 8606 8350 8292 8192
14771 7993 8241 8596 8338 8259 8197
14871 8005 8215 8604 8359 8295 8203
14971 7982 8216 8614 8377 8247 8196
15071 7985 8212 8588 8395 8227 8113
15171 7973 8234 8640 8383 8241 8202
15271 7953 8252 8647 8395 8212 8189
15371 7978 8258 8644 8394 8295 8232
15471 7993 8258 8612 8355 8253 8197
15571 8007 8284 8605 8303 8251 8077
15671 8003 8263 8606 8345 8247 8183
15771 7990 8238 8604 8358 8233 8169
15871 7991 8246 8560 8369 8231 8187
15971 7982 8252 8577 8337 8211 8154
16071 7971 8250 8637 8350 8217 8146
16171 7993 8233 8651 8364 8208 8139
16271 7976 8242 8613 8340 8241 8131
16371 7973 8242 8592 8336 8226 8168
16471 7987 8242 8593 8335 8230 8184
16571 7985 8246 8598 8332 8233 8187
16671 7988 8250 8592 8332 8225 8187
16771 7985 8249 8591 8331 8225 8181
16871 8013 8259 8574 8289 8259 8116
16971 8012 8323 8588 8250 8322 8173
17071 8034 8316 8767 8280 8276 8140
17171 8044 8286 8612 8306 8232 8238
17271 8037 8298 8501 8265 8227 8119
17371 8003 8289 8549 8252 8310 8113
17471 8054 8310 8527 8265 8294 8171
17571 8055 8322 8539 8249 8314 8187
17671 8035 8350 8522 8227 8299 8180
17771 8037 8343 8522 8221 8301 8180
17871 8035 8343 8523 8225 8297 8191
17971 8037 8350 8523 8224 8298 8183
18071 8036 8352 8532 8224 8299 8173
18171 8038 8349 8529 8223 8300 8191
18271 8040 8350 8523 8224 8298 8189
18371 8042 8351 8528 8222 8297 8182
18471 8040 8352 8527 8221 8298 8194
18571 8038 8341 8526 8219 8298 8192
18671 8037 8346 8530 8218 8296 8177
18771 8034 8348 8530 8221 8300 8187
18871 8038 8345 8528 8217 8298 8184
18971 8046 8348 8528 8218 8297 8184
19071 8047 8347 8532 8217 8299 8183
19171 8037 8347 8523 8217 8300 8185
19271 8047 8344 8529 8214 8297 8176
19371 8050 8346 8531 8216 8299 8180
19471 8046 8348 8532 8214 8299 8186
19571 8044 8342 8532 8215 8297 8183
19671 8045 8347 8528 8216 8299 8184
19771 8042 8350 8529 8214 8301 8194
19871 8040 8347 8528 8216 8297 8186
19971 8046 8349 8531 8216 8298 8182
20071 8049 8349 8531 8211 8299 8189
20171 8050 8347 8528 8214 8297 8184
20271 8042 8348 8531 8215 8298 8190
20371 8050 8343 8528 8211 8300 8184
20471 8051 8345 8529 8211 8299 8177
20571 8047 8353 8526 8214 8296 8180
20671 8046 8346 8528 8211 8300 8182
20771 8050 8351 8529 8214 8299 8191
20871 8048 8343 8531 8211 8300 8191
20971 8044 8344 8526 8209 8298 8183
21071 8058 8346 8528 8209 8298 8176
21171 8037 8349 8536 8216 8298 8195
21271 8046 8348 8529 8211 8299 8192
21371 8053 8341 8528 8209 8300 8182
21471 8058 8341 8528 8209 8300 8176
21571 8042 8349 8529 8213 8297 8197
21671 8049 8348 8530 8209 8299 8188
21771 8048 8349 8534 8214 8296 8193
21871 8038 8349 8532 8213 8297 8202
21971 8053 8346 8529 8209 8300 8182
22071 8048 8349 8531 8214 8296 8193
22171 8050 8337 8531 8209 8298 8186
22271 8055 8340 8530 8207 8298 8173
