-1.248365097045898438e+02 -1.766628837585449219e+01 1.106192626953125000e+03
-9.768810272216796875e+01 -2.119237327575683594e+01 1.230315307617187500e+03
-1.256748352050781250e+02 -7.760681152343750000e+01 1.103961791992187500e+03
-9.875952148437500000e+01 -8.102597808837890625e+01 1.229333496093750000e+03
6.845061492919921875e+01 -7.593173217773437500e+01 1.063205688476562500e+03
9.529239654541015625e+01 -8.032538604736328125e+01 1.188184692382812500e+03
6.890522766113281250e+01 -3.646457290649414062e+01 1.064125366210937500e+03
9.575983428955078125e+01 -4.024273300170898438e+01 1.188577026367187500e+03
1.578959465026855469e+01 -3.440949630737304688e+01 1.004998596191406250e+03
2.398449516296386719e+01 1.362430381774902344e+01 1.045095703125000000e+03
3.065685844421386719e+01 6.261380004882812500e+01 1.075429321289062500e+03
1.675537109375000000e+01 1.145095901489257812e+02 1.009472839355468750e+03
-7.384510040283203125e+01 1.129567337036132812e+02 1.058707519531250000e+03
-7.246939086914062500e+01 6.265588378906250000e+01 1.067212158203125000e+03
-6.500843048095703125e+01 1.158172798156738281e+01 1.104107299804687500e+03
-6.362471389770507812e+01 -3.812489318847656250e+01 1.112593627929687500e+03
-1.387619171142578125e+02 -3.911128234863281250e+01 1.138191040039062500e+03
-1.506023254394531250e+02 1.278608894348144531e+01 1.082438598632812500e+03
-1.438006286621093750e+02 6.167121887207031250e+01 1.112171264648437500e+03
-1.600777587890625000e+02 8.380902862548828125e+01 1.036079956054687500e+03
