2.638642272949218750e+02 -1.473783302307128906e+01 1.021458007812500000e+03
2.896415710449218750e+02 -1.851779937744140625e+01 1.146871948242187500e+03
2.641480712890625000e+02 -7.427534484863281250e+01 1.019654418945312500e+03
2.902845764160156250e+02 -7.785194396972656250e+01 1.144288330078125000e+03
6.877333831787109375e+01 -7.488178253173828125e+01 1.061200561523437500e+03
9.509465789794921875e+01 -7.864029693603515625e+01 1.185764282226562500e+03
6.924787139892578125e+01 -3.550040817260742188e+01 1.062422729492187500e+03
9.462384033203125000e+01 -3.917831802368164062e+01 1.187096557617187500e+03
2.297799682617187500e+02 1.164207687377929688e+02 9.626979370117187500e+02
2.444162139892578125e+02 6.415967559814453125e+01 1.028329467773437500e+03
2.386673583984375000e+02 1.574548912048339844e+01 9.975212402343750000e+02
2.305230255126953125e+02 -3.280590820312500000e+01 9.579703369140625000e+02
1.565345306396484375e+02 -3.335242843627929688e+01 9.935651855468750000e+02
1.665738220214843750e+02 1.456672382354736328e+01 1.043175292968750000e+03
1.523974761962890625e+02 6.642394256591796875e+01 9.773016357421875000e+02
1.540216979980468750e+02 1.161300964355468750e+02 9.884569091796875000e+02
7.203412628173828125e+01 1.166045989990234375e+02 9.857595214843750000e+02
8.234735107421875000e+01 6.503691864013671875e+01 1.032434326171875000e+03
8.852797698974609375e+01 1.428519058227539062e+01 1.059666381835937500e+03
8.284979248046875000e+01 -3.394016647338867188e+01 1.028349975585937500e+03
